3
0.1 0.1 0.1
0
1.0 1.0 1.0
0.0 0.0 0.0
0
0.8 0.2 0.2
-0.75 0.8 2.0
0
0.2 0.2 0.8
0.75 0.8 2.0
12
1
0.15
0.3
0.7
0.1
5
1.0 0.1 1.0
-1.40 0.00 0.00
1
0.15
0.3
0.7
0.1
10
1.0 0.1 1.0
-1.09 -0.40 0.00
1
0.15
0.3
0.7
0.1
15
1.0 0.1 1.0
-0.78 -0.69 0.00
1
0.15
0.3
0.7
0.1
20
1.0 0.1 1.0
-0.47 -0.89 0.00
1
0.15
0.3
0.7
0.1
25
1.0 0.1 1.0
-0.16 -0.99 0.00
1
0.15
0.3
0.7
0.1
30
1.0 0.1 1.0
0.16 -0.99 0.00
1
0.15
0.3
0.7
0.1
34
1.0 0.1 1.0
0.47 -0.89 0.00
1
0.15
0.3
0.7
0.1
40
1.0 0.1 1.0
0.78 -0.69 0.00
1
0.15
0.3
0.7
0.1
45
1.0 0.1 1.0
1.09 -0.40 0.00
1
0.15
0.3
0.7
0.1
50
1.0 0.1 1.0
1.40 0.00 0.00
0
./models/bound-lo-sphere.smf
1.0
1.0
1.0
100
0.2 0.2 0.8
-0.75 0.8 0.0
0
./models/bound-bunny_1k.smf
1.0
1.0
1.0
100
0.8 0.2 0.2
0.75 0.8 0.0