2
0.25 0.25 0.25
0
1.0 0.9 0.5
0.0 2.0 -2.0
0
1.0 0.9 0.5
0.0 2.0 2.0
17
0
./models/rect.smf
0.7
0.1
0.1
2
0.08 0.34 0.26
0.0 -1.0 0.0
1
0.05
1.0
1.0
1.0
100
1.0 0.4 0.1
0.0 -0.45 1.75
1
0.05
1.0
1.0
1.0
100
0.5 0.1 0.1
-0.1 -0.45 1.75
1
0.05
1.0
1.0
1.0
100
0.1 0.5 0.1
-0.2 -0.45 1.75
1
0.05
1.0
1.0
1.0
100
1.0 0.1 0.1
0.1 -0.45 1.75
1
0.05
1.0
1.0
1.0
100
0.6 0.1 0.9
0.2 -0.45 1.75
1
0.05
1.0
1.0
1.0
100
0.5 0.1 0.1
-0.05 -0.45 1.65
1
0.05
1.0
1.0
1.0
100
1.0 0.7 0.1
-0.15 -0.45 1.65
1
0.05
1.0
1.0
1.0
100
0.1 0.5 0.1
0.05 -0.45 1.65
1
0.05
1.0
1.0
1.0
100
0.6 0.1 0.9
0.15 -0.45 1.65
1
0.05
1.0
1.0
1.0
100
0.1 0.1 0.5
-0.1 -0.45 1.55
1
0.05
1.0
1.0
1.0
100
0.1 0.1 0.1
0.0 -0.45 1.55
1
0.05
1.0
1.0
1.0
100
0.1 0.1 0.5
0.1 -0.45 1.55
1
0.05
1.0
1.0
1.0
100
1.0 0.1 0.1
-0.05 -0.45 1.45
1
0.05
1.0
1.0
1.0
100
1.0 0.4 0.1
0.05 -0.45 1.45
1
0.05
1.0
1.0
1.0
100
1.0 0.7 0.1
0.0 -0.45 1.35
1
0.05
1.0
1.0
1.0
100
0.5 0.5 0.5
0.0 -0.45 -1.5