9
0.1 0.1 0.1
0
0.1 0.1 0.5
1.0 1.0 0.5
0
0.1 0.5 0.1
0.0 1.0 0.5
0
0.5 0.1 0.1
-1.0 1.0 0.5
0
0.5 0.5 0.1
1.0 0.0 0.5
0
0.1 0.5 0.5
-1.0 0.0 0.5
0
0.5 0.1 0.5
0.0 0.0 0.5
0
0.5 0.5 0.5
-1.0 -1.0 0.5
0
0.5 0.5 0.5
0.0 -1.0 0.5
0
0.5 0.5 0.5
1.0 -1.0 0.5
9
1
0.35
0.25
0.25
0.25
15
0.2 0.2 0.8
1.0 1.0 0.0
1
0.35
0.5
0.5
0.5
15
0.2 0.8 0.2
0.0 1.0 0.0
1
0.35
1.0
1.0
1.0
15
0.8 0.2 0.2
-1.0 1.0 0.0
1
0.35
0.25
0.25
0.25
15
0.8 0.8 0.2
1.0 0.0 0.0
1
0.35
1.0
1.0
1.0
15
0.2 0.8 0.8
-1.0 0.0 0.0
1
0.35
0.5
0.5
0.5
15
0.8 0.2 0.8
0.0 0.0 0.0
1
0.35
1.0
1.0
1.0
15
0.1 0.1 0.1
-1.0 -1.0 0.0
1
0.35
0.5
0.5
0.5
15
0.5 0.5 0.5
0.0 -1.0 0.0
1
0.35
0.25
0.25
0.25
15
1.0 1.0 1.0
1.0 -1.0 0.0