3
0
1.0 1.0 1.0
0.0 10.0 0.0
0
0.0 0.0 1.0
-10.0 10.0 0.0
0
1.0 0.0 0.0
10.0 10.0 0.0
11
1
10.0
1.0
0.25 0.25 0.25
0.0
1.0 1.0 1.0
1.0
0.25 0.25 0.25
0.0
1
0.0 -11.0 0.0
0.0 0.0 0.0
1.0
1
0.65
0.0
1.0 1.0 1.0
1.0
1.0 1.0 1.0
0.0
0.2 0.2 0.2
1.0
1000
0.0 0.0 0.0
0.0 0.0 0.0
1.0
1
1.0
0.1
0.25 1.0 1.0
1.0
1.0 1.0 1.0
0.1
0.2 0.2 0.2
1.0
200
0.0 0.0 4.0
0.0 0.0 0.0
1.0
0
./models/bound-bunny_5k.smf
0.7
0.99 0.25 0.25
0.3
1.0 1.0 1.0
0.3
0.2 0.2 0.2
0.25
100
-0.85 -0.65 0.85
0.0 180.0 0.0
0.75
0
./models/bound-cow.smf
0.7
0.24 0.25 0.98
0.3
1.0 1.0 1.0
0.3
0.2 0.2 0.2
0.25
100
0.55 -0.65 0.85
0.0 120.0 0.0
0.85
0
./models/frog.smf
0.7
0.99 0.25 0.98
0.3
1.0 1.0 1.0
0.3
0.2 0.2 0.2
0.25
100
0.0 -0.65 1.0
25.0 -90.0 0.0
0.3
1
0.25
0.0
0.1 0.1 0.1
1.0
1.0 1.0 1.0
0.3
0.2 0.2 0.2
1.0
1000
-1.1 0.0 0.0
0.0 0.0 0.0
1.0
1
0.25
0.0
0.1 0.1 0.1
1.0
1.0 1.0 1.0
0.3
0.2 0.2 0.2
1.0
1000
1.1 0.0 0.0
0.0 0.0 0.0
1.0
1
0.25
0.0
0.1 0.1 0.1
1.0
1.0 1.0 1.0
0.3
0.2 0.2 0.2
1.0
1000
0.85 0.85 0.0
0.0 0.0 0.0
1.0
1
0.25
0.0
0.1 0.1 0.1
1.0
1.0 1.0 1.0
0.3
0.2 0.2 0.2
1.0
1000
0.0 1.1 0.0
0.0 0.0 0.0
1.0
1
0.25
0.0
0.1 0.1 0.1
1.0
1.0 1.0 1.0
0.3
0.2 0.2 0.2
1.0
1000
-0.85 0.85 0.0
0.0 0.0 0.0
1.0