4
1
1.0 0.0 0.0
-0.5 2.0 -0.5
0.0 -1.0 0.0
25.0
1
1
0.0 1.0 0.0
0.5 2.0 -0.5
0.0 -1.0 0.0
25.0
1
1
0.0 0.0 1.0
0.0 2.0 0.0
0.0 -1.0 0.0
25.0
1
1
0.1 0.1 0.1
0.0 2.0 -2.0
0.0 -0.707107 0.707107
65.0
2
4
1
100.0
1.0
0.25 0.25 0.25
0.0
1.0 1.0 1.0
1.0
0.25 0.25 0.25
0.0
0.0
1.0
1
0.0 -101.0 0.0
0.0 0.0 0.0
1.0
0
./models/bound-bunny_5k.smf
0.1
1.0 1.0 1.0
0.9
1.0 1.0 1.0
0.1
0.1 0.1 0.1
0.1
0.0
1.0
250
0.0 -0.25 -0.4
0.0 0.0 0.0
1.0
1
0.35
0.1
1.0 1.0 1.0
0.9
1.0 1.0 1.0
0.1
0.1 0.1 0.1
0.1
0.0
1.0
250
-1.0 -0.5 -0.4
0.0 0.0 0.0
1.0
1
0.35
0.1
1.0 1.0 1.0
0.9
1.0 1.0 1.0
0.1
0.1 0.1 0.1
0.1
0.0
1.0
250
1.0 -0.5 -0.4
0.0 0.0 0.0
1.0