2
0
0.5 0.5 0.5
0.0 0.0 5.0
0
0.5 0.5 0.5
0.0 5.0 0.0
10
1
100.0
1.0
0.25 0.25 0.25
0.0
1.0 1.0 1.0
1.0
0.25 0.25 0.25
0.0
0.0
1.0
1
0.0 -102.0 0.0
0.0 0.0 0.0
1.0
1
0.25
0.0
0.8 0.25 0.8
1.0
1.0 1.0 1.0
0.0
0.25 0.25 0.25
0.0
0.5
1.4
100
-0.25 0.25 2.0
0.0 0.0 0.0
1.0
1
0.25
0.0
0.8 0.25 0.8
1.0
1.0 1.0 1.0
0.0
0.25 0.25 0.25
0.0
0.5
1.1
250
-0.25 -0.25 2.0
0.0 0.0 0.0
1.0
0
./models/bound-bunny_5k.smf
0.0
0.8 0.25 0.8
1.0
1.0 1.0 1.0
0.0
0.25 0.25 0.25
0.0
0.5
1.1
250
0.5 0.0 2.0
0.0 0.0 0.0
1.0
0
./models/bound-bunny_1k.smf
0.9
1.0 0.0 0.0
0.1
1.0 1.0 1.0
0.1
1.0 0.0 0.0
0.0
0.0
1.0
250
-1.0 1.0 -1.0
0.0 0.0 0.0
1.0
0
./models/bound-bunny_1k.smf
0.9
0.0 1.0 0.0
0.1
1.0 1.0 1.0
0.1
0.0 1.0 0.0
0.0
0.0
1.0
250
0.0 1.0 -1.0
0.0 0.0 0.0
1.0
0
./models/bound-bunny_1k.smf
0.9
0.0 0.0 1.0
0.1
1.0 1.0 1.0
0.1
0.0 0.0 1.0
0.0
0.0
1.0
250
1.0 1.0 -1.0
0.0 0.0 0.0
1.0
0
./models/bound-bunny_1k.smf
0.9
0.0 1.0 1.0
0.1
1.0 1.0 1.0
0.1
0.0 1.0 1.0
0.0
0.0
1.0
250
-1.0 -1.0 -1.0
0.0 0.0 0.0
1.0
0
./models/bound-bunny_1k.smf
0.9
1.0 0.0 1.0
0.1
1.0 1.0 1.0
0.1
1.0 0.0 1.0
0.0
0.0
1.0
250
0.0 -1.0 -1.0
0.0 0.0 0.0
1.0
0
./models/bound-bunny_1k.smf
0.9
1.0 1.0 0.0
0.1
1.0 1.0 1.0
0.1
1.0 1.0 0.0
0.0
0.0
1.0
250
1.0 -1.0 -1.0
0.0 0.0 0.0
1.0