p 100
1
0.1
-3.00 -10.00 10.00
1
0.1
-3.00 -9.21 9.51
1
0.1
-2.99 -8.45 9.03
1
0.1
-2.97 -7.71 8.57
1
0.1
-2.95 -7.01 8.14
1
0.1
-2.93 -6.34 7.72
1
0.1
-2.90 -5.70 7.32
1
0.1
-2.87 -5.09 6.93
1
0.1
-2.83 -4.51 6.56
1
0.1
-2.79 -3.96 6.21
1
0.1
-2.75 -3.43 5.87
1
0.1
-2.70 -2.94 5.55
1
0.1
-2.65 -2.48 5.24
1
0.1
-2.60 -2.04 4.95
1
0.1
-2.54 -1.63 4.67
1
0.1
-2.48 -1.25 4.40
1
0.1
-2.42 -0.89 4.14
1
0.1
-2.36 -0.56 3.90
1
0.1
-2.29 -0.26 3.66
1
0.1
-2.23 0.02 3.44
1
0.1
-2.16 0.27 3.23
1
0.1
-2.09 0.50 3.03
1
0.1
-2.01 0.70 2.84
1
0.1
-1.94 0.89 2.66
1
0.1
-1.86 1.05 2.49
1
0.1
-1.79 1.19 2.32
1
0.1
-1.71 1.30 2.17
1
0.1
-1.63 1.40 2.02
1
0.1
-1.54 1.48 1.88
1
0.1
-1.46 1.54 1.75
1
0.1
-1.37 1.58 1.62
1
0.1
-1.29 1.60 1.50
1
0.1
-1.20 1.61 1.38
1
0.1
-1.11 1.60 1.28
1
0.1
-1.02 1.58 1.17
1
0.1
-0.93 1.55 1.07
1
0.1
-0.84 1.50 0.98
1
0.1
-0.74 1.44 0.89
1
0.1
-0.65 1.36 0.80
1
0.1
-0.55 1.28 0.72
1
0.1
-0.45 1.19 0.64
1
0.1
-0.35 1.09 0.57
1
0.1
-0.25 0.98 0.50
1
0.1
-0.14 0.86 0.42
1
0.1
-0.04 0.74 0.36
1
0.1
0.07 0.61 0.29
1
0.1
0.17 0.48 0.22
1
0.1
0.28 0.34 0.16
1
0.1
0.39 0.21 0.09
1
0.1
0.51 0.07 0.03
1
0.1
0.62 -0.07 -0.03
1
0.1
0.73 -0.21 -0.09
1
0.1
0.85 -0.34 -0.16
1
0.1
0.97 -0.48 -0.22
1
0.1
1.09 -0.61 -0.29
1
0.1
1.21 -0.74 -0.36
1
0.1
1.33 -0.86 -0.42
1
0.1
1.46 -0.98 -0.50
1
0.1
1.58 -1.09 -0.57
1
0.1
1.71 -1.19 -0.64
1
0.1
1.84 -1.28 -0.72
1
0.1
1.97 -1.36 -0.80
1
0.1
2.10 -1.44 -0.89
1
0.1
2.23 -1.50 -0.98
1
0.1
2.36 -1.55 -1.07
1
0.1
2.50 -1.58 -1.17
1
0.1
2.63 -1.60 -1.28
1
0.1
2.76 -1.61 -1.38
1
0.1
2.90 -1.60 -1.50
1
0.1
3.04 -1.58 -1.62
1
0.1
3.17 -1.54 -1.75
1
0.1
3.31 -1.48 -1.88
1
0.1
3.44 -1.40 -2.02
1
0.1
3.58 -1.30 -2.17
1
0.1
3.72 -1.19 -2.32
1
0.1
3.85 -1.05 -2.49
1
0.1
3.98 -0.89 -2.66
1
0.1
4.12 -0.70 -2.84
1
0.1
4.25 -0.50 -3.03
1
0.1
4.38 -0.27 -3.23
1
0.1
4.51 -0.02 -3.44
1
0.1
4.63 0.26 -3.66
1
0.1
4.75 0.56 -3.90
1
0.1
4.87 0.89 -4.14
1
0.1
4.99 1.25 -4.40
1
0.1
5.10 1.63 -4.67
1
0.1
5.21 2.04 -4.95
1
0.1
5.31 2.48 -5.24
1
0.1
5.41 2.94 -5.55
1
0.1
5.50 3.43 -5.87
1
0.1
5.59 3.96 -6.21
1
0.1
5.67 4.51 -6.56
1
0.1
5.74 5.09 -6.93
1
0.1
5.80 5.70 -7.32
1
0.1
5.86 6.34 -7.72
1
0.1
5.91 7.01 -8.14
1
0.1
5.95 7.71 -8.57
1
0.1
5.98 8.45 -9.03
1
0.1
5.99 9.21 -9.51
1
0.1
6.00 10.00 -10.00
