3375
1
0.5
-100.00 -100.00 -100.00
1
0.5
-100.00 -100.00 -85.71
1
0.5
-100.00 -100.00 -71.43
1
0.5
-100.00 -100.00 -57.14
1
0.5
-100.00 -100.00 -42.86
1
0.5
-100.00 -100.00 -28.57
1
0.5
-100.00 -100.00 -14.29
1
0.5
-100.00 -100.00 0.00
1
0.5
-100.00 -100.00 14.29
1
0.5
-100.00 -100.00 28.57
1
0.5
-100.00 -100.00 42.86
1
0.5
-100.00 -100.00 57.14
1
0.5
-100.00 -100.00 71.43
1
0.5
-100.00 -100.00 85.71
1
0.5
-100.00 -100.00 100.00
1
0.5
-100.00 -85.71 -100.00
1
0.5
-100.00 -85.71 -85.71
1
0.5
-100.00 -85.71 -71.43
1
0.5
-100.00 -85.71 -57.14
1
0.5
-100.00 -85.71 -42.86
1
0.5
-100.00 -85.71 -28.57
1
0.5
-100.00 -85.71 -14.29
1
0.5
-100.00 -85.71 0.00
1
0.5
-100.00 -85.71 14.29
1
0.5
-100.00 -85.71 28.57
1
0.5
-100.00 -85.71 42.86
1
0.5
-100.00 -85.71 57.14
1
0.5
-100.00 -85.71 71.43
1
0.5
-100.00 -85.71 85.71
1
0.5
-100.00 -85.71 100.00
1
0.5
-100.00 -71.43 -100.00
1
0.5
-100.00 -71.43 -85.71
1
0.5
-100.00 -71.43 -71.43
1
0.5
-100.00 -71.43 -57.14
1
0.5
-100.00 -71.43 -42.86
1
0.5
-100.00 -71.43 -28.57
1
0.5
-100.00 -71.43 -14.29
1
0.5
-100.00 -71.43 0.00
1
0.5
-100.00 -71.43 14.29
1
0.5
-100.00 -71.43 28.57
1
0.5
-100.00 -71.43 42.86
1
0.5
-100.00 -71.43 57.14
1
0.5
-100.00 -71.43 71.43
1
0.5
-100.00 -71.43 85.71
1
0.5
-100.00 -71.43 100.00
1
0.5
-100.00 -57.14 -100.00
1
0.5
-100.00 -57.14 -85.71
1
0.5
-100.00 -57.14 -71.43
1
0.5
-100.00 -57.14 -57.14
1
0.5
-100.00 -57.14 -42.86
1
0.5
-100.00 -57.14 -28.57
1
0.5
-100.00 -57.14 -14.29
1
0.5
-100.00 -57.14 0.00
1
0.5
-100.00 -57.14 14.29
1
0.5
-100.00 -57.14 28.57
1
0.5
-100.00 -57.14 42.86
1
0.5
-100.00 -57.14 57.14
1
0.5
-100.00 -57.14 71.43
1
0.5
-100.00 -57.14 85.71
1
0.5
-100.00 -57.14 100.00
1
0.5
-100.00 -42.86 -100.00
1
0.5
-100.00 -42.86 -85.71
1
0.5
-100.00 -42.86 -71.43
1
0.5
-100.00 -42.86 -57.14
1
0.5
-100.00 -42.86 -42.86
1
0.5
-100.00 -42.86 -28.57
1
0.5
-100.00 -42.86 -14.29
1
0.5
-100.00 -42.86 0.00
1
0.5
-100.00 -42.86 14.29
1
0.5
-100.00 -42.86 28.57
1
0.5
-100.00 -42.86 42.86
1
0.5
-100.00 -42.86 57.14
1
0.5
-100.00 -42.86 71.43
1
0.5
-100.00 -42.86 85.71
1
0.5
-100.00 -42.86 100.00
1
0.5
-100.00 -28.57 -100.00
1
0.5
-100.00 -28.57 -85.71
1
0.5
-100.00 -28.57 -71.43
1
0.5
-100.00 -28.57 -57.14
1
0.5
-100.00 -28.57 -42.86
1
0.5
-100.00 -28.57 -28.57
1
0.5
-100.00 -28.57 -14.29
1
0.5
-100.00 -28.57 0.00
1
0.5
-100.00 -28.57 14.29
1
0.5
-100.00 -28.57 28.57
1
0.5
-100.00 -28.57 42.86
1
0.5
-100.00 -28.57 57.14
1
0.5
-100.00 -28.57 71.43
1
0.5
-100.00 -28.57 85.71
1
0.5
-100.00 -28.57 100.00
1
0.5
-100.00 -14.29 -100.00
1
0.5
-100.00 -14.29 -85.71
1
0.5
-100.00 -14.29 -71.43
1
0.5
-100.00 -14.29 -57.14
1
0.5
-100.00 -14.29 -42.86
1
0.5
-100.00 -14.29 -28.57
1
0.5
-100.00 -14.29 -14.29
1
0.5
-100.00 -14.29 0.00
1
0.5
-100.00 -14.29 14.29
1
0.5
-100.00 -14.29 28.57
1
0.5
-100.00 -14.29 42.86
1
0.5
-100.00 -14.29 57.14
1
0.5
-100.00 -14.29 71.43
1
0.5
-100.00 -14.29 85.71
1
0.5
-100.00 -14.29 100.00
1
0.5
-100.00 0.00 -100.00
1
0.5
-100.00 0.00 -85.71
1
0.5
-100.00 0.00 -71.43
1
0.5
-100.00 0.00 -57.14
1
0.5
-100.00 0.00 -42.86
1
0.5
-100.00 0.00 -28.57
1
0.5
-100.00 0.00 -14.29
1
0.5
-100.00 0.00 0.00
1
0.5
-100.00 0.00 14.29
1
0.5
-100.00 0.00 28.57
1
0.5
-100.00 0.00 42.86
1
0.5
-100.00 0.00 57.14
1
0.5
-100.00 0.00 71.43
1
0.5
-100.00 0.00 85.71
1
0.5
-100.00 0.00 100.00
1
0.5
-100.00 14.29 -100.00
1
0.5
-100.00 14.29 -85.71
1
0.5
-100.00 14.29 -71.43
1
0.5
-100.00 14.29 -57.14
1
0.5
-100.00 14.29 -42.86
1
0.5
-100.00 14.29 -28.57
1
0.5
-100.00 14.29 -14.29
1
0.5
-100.00 14.29 0.00
1
0.5
-100.00 14.29 14.29
1
0.5
-100.00 14.29 28.57
1
0.5
-100.00 14.29 42.86
1
0.5
-100.00 14.29 57.14
1
0.5
-100.00 14.29 71.43
1
0.5
-100.00 14.29 85.71
1
0.5
-100.00 14.29 100.00
1
0.5
-100.00 28.57 -100.00
1
0.5
-100.00 28.57 -85.71
1
0.5
-100.00 28.57 -71.43
1
0.5
-100.00 28.57 -57.14
1
0.5
-100.00 28.57 -42.86
1
0.5
-100.00 28.57 -28.57
1
0.5
-100.00 28.57 -14.29
1
0.5
-100.00 28.57 0.00
1
0.5
-100.00 28.57 14.29
1
0.5
-100.00 28.57 28.57
1
0.5
-100.00 28.57 42.86
1
0.5
-100.00 28.57 57.14
1
0.5
-100.00 28.57 71.43
1
0.5
-100.00 28.57 85.71
1
0.5
-100.00 28.57 100.00
1
0.5
-100.00 42.86 -100.00
1
0.5
-100.00 42.86 -85.71
1
0.5
-100.00 42.86 -71.43
1
0.5
-100.00 42.86 -57.14
1
0.5
-100.00 42.86 -42.86
1
0.5
-100.00 42.86 -28.57
1
0.5
-100.00 42.86 -14.29
1
0.5
-100.00 42.86 0.00
1
0.5
-100.00 42.86 14.29
1
0.5
-100.00 42.86 28.57
1
0.5
-100.00 42.86 42.86
1
0.5
-100.00 42.86 57.14
1
0.5
-100.00 42.86 71.43
1
0.5
-100.00 42.86 85.71
1
0.5
-100.00 42.86 100.00
1
0.5
-100.00 57.14 -100.00
1
0.5
-100.00 57.14 -85.71
1
0.5
-100.00 57.14 -71.43
1
0.5
-100.00 57.14 -57.14
1
0.5
-100.00 57.14 -42.86
1
0.5
-100.00 57.14 -28.57
1
0.5
-100.00 57.14 -14.29
1
0.5
-100.00 57.14 0.00
1
0.5
-100.00 57.14 14.29
1
0.5
-100.00 57.14 28.57
1
0.5
-100.00 57.14 42.86
1
0.5
-100.00 57.14 57.14
1
0.5
-100.00 57.14 71.43
1
0.5
-100.00 57.14 85.71
1
0.5
-100.00 57.14 100.00
1
0.5
-100.00 71.43 -100.00
1
0.5
-100.00 71.43 -85.71
1
0.5
-100.00 71.43 -71.43
1
0.5
-100.00 71.43 -57.14
1
0.5
-100.00 71.43 -42.86
1
0.5
-100.00 71.43 -28.57
1
0.5
-100.00 71.43 -14.29
1
0.5
-100.00 71.43 0.00
1
0.5
-100.00 71.43 14.29
1
0.5
-100.00 71.43 28.57
1
0.5
-100.00 71.43 42.86
1
0.5
-100.00 71.43 57.14
1
0.5
-100.00 71.43 71.43
1
0.5
-100.00 71.43 85.71
1
0.5
-100.00 71.43 100.00
1
0.5
-100.00 85.71 -100.00
1
0.5
-100.00 85.71 -85.71
1
0.5
-100.00 85.71 -71.43
1
0.5
-100.00 85.71 -57.14
1
0.5
-100.00 85.71 -42.86
1
0.5
-100.00 85.71 -28.57
1
0.5
-100.00 85.71 -14.29
1
0.5
-100.00 85.71 0.00
1
0.5
-100.00 85.71 14.29
1
0.5
-100.00 85.71 28.57
1
0.5
-100.00 85.71 42.86
1
0.5
-100.00 85.71 57.14
1
0.5
-100.00 85.71 71.43
1
0.5
-100.00 85.71 85.71
1
0.5
-100.00 85.71 100.00
1
0.5
-100.00 100.00 -100.00
1
0.5
-100.00 100.00 -85.71
1
0.5
-100.00 100.00 -71.43
1
0.5
-100.00 100.00 -57.14
1
0.5
-100.00 100.00 -42.86
1
0.5
-100.00 100.00 -28.57
1
0.5
-100.00 100.00 -14.29
1
0.5
-100.00 100.00 0.00
1
0.5
-100.00 100.00 14.29
1
0.5
-100.00 100.00 28.57
1
0.5
-100.00 100.00 42.86
1
0.5
-100.00 100.00 57.14
1
0.5
-100.00 100.00 71.43
1
0.5
-100.00 100.00 85.71
1
0.5
-100.00 100.00 100.00
1
0.5
-85.71 -100.00 -100.00
1
0.5
-85.71 -100.00 -85.71
1
0.5
-85.71 -100.00 -71.43
1
0.5
-85.71 -100.00 -57.14
1
0.5
-85.71 -100.00 -42.86
1
0.5
-85.71 -100.00 -28.57
1
0.5
-85.71 -100.00 -14.29
1
0.5
-85.71 -100.00 0.00
1
0.5
-85.71 -100.00 14.29
1
0.5
-85.71 -100.00 28.57
1
0.5
-85.71 -100.00 42.86
1
0.5
-85.71 -100.00 57.14
1
0.5
-85.71 -100.00 71.43
1
0.5
-85.71 -100.00 85.71
1
0.5
-85.71 -100.00 100.00
1
0.5
-85.71 -85.71 -100.00
1
0.5
-85.71 -85.71 -85.71
1
0.5
-85.71 -85.71 -71.43
1
0.5
-85.71 -85.71 -57.14
1
0.5
-85.71 -85.71 -42.86
1
0.5
-85.71 -85.71 -28.57
1
0.5
-85.71 -85.71 -14.29
1
0.5
-85.71 -85.71 0.00
1
0.5
-85.71 -85.71 14.29
1
0.5
-85.71 -85.71 28.57
1
0.5
-85.71 -85.71 42.86
1
0.5
-85.71 -85.71 57.14
1
0.5
-85.71 -85.71 71.43
1
0.5
-85.71 -85.71 85.71
1
0.5
-85.71 -85.71 100.00
1
0.5
-85.71 -71.43 -100.00
1
0.5
-85.71 -71.43 -85.71
1
0.5
-85.71 -71.43 -71.43
1
0.5
-85.71 -71.43 -57.14
1
0.5
-85.71 -71.43 -42.86
1
0.5
-85.71 -71.43 -28.57
1
0.5
-85.71 -71.43 -14.29
1
0.5
-85.71 -71.43 0.00
1
0.5
-85.71 -71.43 14.29
1
0.5
-85.71 -71.43 28.57
1
0.5
-85.71 -71.43 42.86
1
0.5
-85.71 -71.43 57.14
1
0.5
-85.71 -71.43 71.43
1
0.5
-85.71 -71.43 85.71
1
0.5
-85.71 -71.43 100.00
1
0.5
-85.71 -57.14 -100.00
1
0.5
-85.71 -57.14 -85.71
1
0.5
-85.71 -57.14 -71.43
1
0.5
-85.71 -57.14 -57.14
1
0.5
-85.71 -57.14 -42.86
1
0.5
-85.71 -57.14 -28.57
1
0.5
-85.71 -57.14 -14.29
1
0.5
-85.71 -57.14 0.00
1
0.5
-85.71 -57.14 14.29
1
0.5
-85.71 -57.14 28.57
1
0.5
-85.71 -57.14 42.86
1
0.5
-85.71 -57.14 57.14
1
0.5
-85.71 -57.14 71.43
1
0.5
-85.71 -57.14 85.71
1
0.5
-85.71 -57.14 100.00
1
0.5
-85.71 -42.86 -100.00
1
0.5
-85.71 -42.86 -85.71
1
0.5
-85.71 -42.86 -71.43
1
0.5
-85.71 -42.86 -57.14
1
0.5
-85.71 -42.86 -42.86
1
0.5
-85.71 -42.86 -28.57
1
0.5
-85.71 -42.86 -14.29
1
0.5
-85.71 -42.86 0.00
1
0.5
-85.71 -42.86 14.29
1
0.5
-85.71 -42.86 28.57
1
0.5
-85.71 -42.86 42.86
1
0.5
-85.71 -42.86 57.14
1
0.5
-85.71 -42.86 71.43
1
0.5
-85.71 -42.86 85.71
1
0.5
-85.71 -42.86 100.00
1
0.5
-85.71 -28.57 -100.00
1
0.5
-85.71 -28.57 -85.71
1
0.5
-85.71 -28.57 -71.43
1
0.5
-85.71 -28.57 -57.14
1
0.5
-85.71 -28.57 -42.86
1
0.5
-85.71 -28.57 -28.57
1
0.5
-85.71 -28.57 -14.29
1
0.5
-85.71 -28.57 0.00
1
0.5
-85.71 -28.57 14.29
1
0.5
-85.71 -28.57 28.57
1
0.5
-85.71 -28.57 42.86
1
0.5
-85.71 -28.57 57.14
1
0.5
-85.71 -28.57 71.43
1
0.5
-85.71 -28.57 85.71
1
0.5
-85.71 -28.57 100.00
1
0.5
-85.71 -14.29 -100.00
1
0.5
-85.71 -14.29 -85.71
1
0.5
-85.71 -14.29 -71.43
1
0.5
-85.71 -14.29 -57.14
1
0.5
-85.71 -14.29 -42.86
1
0.5
-85.71 -14.29 -28.57
1
0.5
-85.71 -14.29 -14.29
1
0.5
-85.71 -14.29 0.00
1
0.5
-85.71 -14.29 14.29
1
0.5
-85.71 -14.29 28.57
1
0.5
-85.71 -14.29 42.86
1
0.5
-85.71 -14.29 57.14
1
0.5
-85.71 -14.29 71.43
1
0.5
-85.71 -14.29 85.71
1
0.5
-85.71 -14.29 100.00
1
0.5
-85.71 0.00 -100.00
1
0.5
-85.71 0.00 -85.71
1
0.5
-85.71 0.00 -71.43
1
0.5
-85.71 0.00 -57.14
1
0.5
-85.71 0.00 -42.86
1
0.5
-85.71 0.00 -28.57
1
0.5
-85.71 0.00 -14.29
1
0.5
-85.71 0.00 0.00
1
0.5
-85.71 0.00 14.29
1
0.5
-85.71 0.00 28.57
1
0.5
-85.71 0.00 42.86
1
0.5
-85.71 0.00 57.14
1
0.5
-85.71 0.00 71.43
1
0.5
-85.71 0.00 85.71
1
0.5
-85.71 0.00 100.00
1
0.5
-85.71 14.29 -100.00
1
0.5
-85.71 14.29 -85.71
1
0.5
-85.71 14.29 -71.43
1
0.5
-85.71 14.29 -57.14
1
0.5
-85.71 14.29 -42.86
1
0.5
-85.71 14.29 -28.57
1
0.5
-85.71 14.29 -14.29
1
0.5
-85.71 14.29 0.00
1
0.5
-85.71 14.29 14.29
1
0.5
-85.71 14.29 28.57
1
0.5
-85.71 14.29 42.86
1
0.5
-85.71 14.29 57.14
1
0.5
-85.71 14.29 71.43
1
0.5
-85.71 14.29 85.71
1
0.5
-85.71 14.29 100.00
1
0.5
-85.71 28.57 -100.00
1
0.5
-85.71 28.57 -85.71
1
0.5
-85.71 28.57 -71.43
1
0.5
-85.71 28.57 -57.14
1
0.5
-85.71 28.57 -42.86
1
0.5
-85.71 28.57 -28.57
1
0.5
-85.71 28.57 -14.29
1
0.5
-85.71 28.57 0.00
1
0.5
-85.71 28.57 14.29
1
0.5
-85.71 28.57 28.57
1
0.5
-85.71 28.57 42.86
1
0.5
-85.71 28.57 57.14
1
0.5
-85.71 28.57 71.43
1
0.5
-85.71 28.57 85.71
1
0.5
-85.71 28.57 100.00
1
0.5
-85.71 42.86 -100.00
1
0.5
-85.71 42.86 -85.71
1
0.5
-85.71 42.86 -71.43
1
0.5
-85.71 42.86 -57.14
1
0.5
-85.71 42.86 -42.86
1
0.5
-85.71 42.86 -28.57
1
0.5
-85.71 42.86 -14.29
1
0.5
-85.71 42.86 0.00
1
0.5
-85.71 42.86 14.29
1
0.5
-85.71 42.86 28.57
1
0.5
-85.71 42.86 42.86
1
0.5
-85.71 42.86 57.14
1
0.5
-85.71 42.86 71.43
1
0.5
-85.71 42.86 85.71
1
0.5
-85.71 42.86 100.00
1
0.5
-85.71 57.14 -100.00
1
0.5
-85.71 57.14 -85.71
1
0.5
-85.71 57.14 -71.43
1
0.5
-85.71 57.14 -57.14
1
0.5
-85.71 57.14 -42.86
1
0.5
-85.71 57.14 -28.57
1
0.5
-85.71 57.14 -14.29
1
0.5
-85.71 57.14 0.00
1
0.5
-85.71 57.14 14.29
1
0.5
-85.71 57.14 28.57
1
0.5
-85.71 57.14 42.86
1
0.5
-85.71 57.14 57.14
1
0.5
-85.71 57.14 71.43
1
0.5
-85.71 57.14 85.71
1
0.5
-85.71 57.14 100.00
1
0.5
-85.71 71.43 -100.00
1
0.5
-85.71 71.43 -85.71
1
0.5
-85.71 71.43 -71.43
1
0.5
-85.71 71.43 -57.14
1
0.5
-85.71 71.43 -42.86
1
0.5
-85.71 71.43 -28.57
1
0.5
-85.71 71.43 -14.29
1
0.5
-85.71 71.43 0.00
1
0.5
-85.71 71.43 14.29
1
0.5
-85.71 71.43 28.57
1
0.5
-85.71 71.43 42.86
1
0.5
-85.71 71.43 57.14
1
0.5
-85.71 71.43 71.43
1
0.5
-85.71 71.43 85.71
1
0.5
-85.71 71.43 100.00
1
0.5
-85.71 85.71 -100.00
1
0.5
-85.71 85.71 -85.71
1
0.5
-85.71 85.71 -71.43
1
0.5
-85.71 85.71 -57.14
1
0.5
-85.71 85.71 -42.86
1
0.5
-85.71 85.71 -28.57
1
0.5
-85.71 85.71 -14.29
1
0.5
-85.71 85.71 0.00
1
0.5
-85.71 85.71 14.29
1
0.5
-85.71 85.71 28.57
1
0.5
-85.71 85.71 42.86
1
0.5
-85.71 85.71 57.14
1
0.5
-85.71 85.71 71.43
1
0.5
-85.71 85.71 85.71
1
0.5
-85.71 85.71 100.00
1
0.5
-85.71 100.00 -100.00
1
0.5
-85.71 100.00 -85.71
1
0.5
-85.71 100.00 -71.43
1
0.5
-85.71 100.00 -57.14
1
0.5
-85.71 100.00 -42.86
1
0.5
-85.71 100.00 -28.57
1
0.5
-85.71 100.00 -14.29
1
0.5
-85.71 100.00 0.00
1
0.5
-85.71 100.00 14.29
1
0.5
-85.71 100.00 28.57
1
0.5
-85.71 100.00 42.86
1
0.5
-85.71 100.00 57.14
1
0.5
-85.71 100.00 71.43
1
0.5
-85.71 100.00 85.71
1
0.5
-85.71 100.00 100.00
1
0.5
-71.43 -100.00 -100.00
1
0.5
-71.43 -100.00 -85.71
1
0.5
-71.43 -100.00 -71.43
1
0.5
-71.43 -100.00 -57.14
1
0.5
-71.43 -100.00 -42.86
1
0.5
-71.43 -100.00 -28.57
1
0.5
-71.43 -100.00 -14.29
1
0.5
-71.43 -100.00 0.00
1
0.5
-71.43 -100.00 14.29
1
0.5
-71.43 -100.00 28.57
1
0.5
-71.43 -100.00 42.86
1
0.5
-71.43 -100.00 57.14
1
0.5
-71.43 -100.00 71.43
1
0.5
-71.43 -100.00 85.71
1
0.5
-71.43 -100.00 100.00
1
0.5
-71.43 -85.71 -100.00
1
0.5
-71.43 -85.71 -85.71
1
0.5
-71.43 -85.71 -71.43
1
0.5
-71.43 -85.71 -57.14
1
0.5
-71.43 -85.71 -42.86
1
0.5
-71.43 -85.71 -28.57
1
0.5
-71.43 -85.71 -14.29
1
0.5
-71.43 -85.71 0.00
1
0.5
-71.43 -85.71 14.29
1
0.5
-71.43 -85.71 28.57
1
0.5
-71.43 -85.71 42.86
1
0.5
-71.43 -85.71 57.14
1
0.5
-71.43 -85.71 71.43
1
0.5
-71.43 -85.71 85.71
1
0.5
-71.43 -85.71 100.00
1
0.5
-71.43 -71.43 -100.00
1
0.5
-71.43 -71.43 -85.71
1
0.5
-71.43 -71.43 -71.43
1
0.5
-71.43 -71.43 -57.14
1
0.5
-71.43 -71.43 -42.86
1
0.5
-71.43 -71.43 -28.57
1
0.5
-71.43 -71.43 -14.29
1
0.5
-71.43 -71.43 0.00
1
0.5
-71.43 -71.43 14.29
1
0.5
-71.43 -71.43 28.57
1
0.5
-71.43 -71.43 42.86
1
0.5
-71.43 -71.43 57.14
1
0.5
-71.43 -71.43 71.43
1
0.5
-71.43 -71.43 85.71
1
0.5
-71.43 -71.43 100.00
1
0.5
-71.43 -57.14 -100.00
1
0.5
-71.43 -57.14 -85.71
1
0.5
-71.43 -57.14 -71.43
1
0.5
-71.43 -57.14 -57.14
1
0.5
-71.43 -57.14 -42.86
1
0.5
-71.43 -57.14 -28.57
1
0.5
-71.43 -57.14 -14.29
1
0.5
-71.43 -57.14 0.00
1
0.5
-71.43 -57.14 14.29
1
0.5
-71.43 -57.14 28.57
1
0.5
-71.43 -57.14 42.86
1
0.5
-71.43 -57.14 57.14
1
0.5
-71.43 -57.14 71.43
1
0.5
-71.43 -57.14 85.71
1
0.5
-71.43 -57.14 100.00
1
0.5
-71.43 -42.86 -100.00
1
0.5
-71.43 -42.86 -85.71
1
0.5
-71.43 -42.86 -71.43
1
0.5
-71.43 -42.86 -57.14
1
0.5
-71.43 -42.86 -42.86
1
0.5
-71.43 -42.86 -28.57
1
0.5
-71.43 -42.86 -14.29
1
0.5
-71.43 -42.86 0.00
1
0.5
-71.43 -42.86 14.29
1
0.5
-71.43 -42.86 28.57
1
0.5
-71.43 -42.86 42.86
1
0.5
-71.43 -42.86 57.14
1
0.5
-71.43 -42.86 71.43
1
0.5
-71.43 -42.86 85.71
1
0.5
-71.43 -42.86 100.00
1
0.5
-71.43 -28.57 -100.00
1
0.5
-71.43 -28.57 -85.71
1
0.5
-71.43 -28.57 -71.43
1
0.5
-71.43 -28.57 -57.14
1
0.5
-71.43 -28.57 -42.86
1
0.5
-71.43 -28.57 -28.57
1
0.5
-71.43 -28.57 -14.29
1
0.5
-71.43 -28.57 0.00
1
0.5
-71.43 -28.57 14.29
1
0.5
-71.43 -28.57 28.57
1
0.5
-71.43 -28.57 42.86
1
0.5
-71.43 -28.57 57.14
1
0.5
-71.43 -28.57 71.43
1
0.5
-71.43 -28.57 85.71
1
0.5
-71.43 -28.57 100.00
1
0.5
-71.43 -14.29 -100.00
1
0.5
-71.43 -14.29 -85.71
1
0.5
-71.43 -14.29 -71.43
1
0.5
-71.43 -14.29 -57.14
1
0.5
-71.43 -14.29 -42.86
1
0.5
-71.43 -14.29 -28.57
1
0.5
-71.43 -14.29 -14.29
1
0.5
-71.43 -14.29 0.00
1
0.5
-71.43 -14.29 14.29
1
0.5
-71.43 -14.29 28.57
1
0.5
-71.43 -14.29 42.86
1
0.5
-71.43 -14.29 57.14
1
0.5
-71.43 -14.29 71.43
1
0.5
-71.43 -14.29 85.71
1
0.5
-71.43 -14.29 100.00
1
0.5
-71.43 0.00 -100.00
1
0.5
-71.43 0.00 -85.71
1
0.5
-71.43 0.00 -71.43
1
0.5
-71.43 0.00 -57.14
1
0.5
-71.43 0.00 -42.86
1
0.5
-71.43 0.00 -28.57
1
0.5
-71.43 0.00 -14.29
1
0.5
-71.43 0.00 0.00
1
0.5
-71.43 0.00 14.29
1
0.5
-71.43 0.00 28.57
1
0.5
-71.43 0.00 42.86
1
0.5
-71.43 0.00 57.14
1
0.5
-71.43 0.00 71.43
1
0.5
-71.43 0.00 85.71
1
0.5
-71.43 0.00 100.00
1
0.5
-71.43 14.29 -100.00
1
0.5
-71.43 14.29 -85.71
1
0.5
-71.43 14.29 -71.43
1
0.5
-71.43 14.29 -57.14
1
0.5
-71.43 14.29 -42.86
1
0.5
-71.43 14.29 -28.57
1
0.5
-71.43 14.29 -14.29
1
0.5
-71.43 14.29 0.00
1
0.5
-71.43 14.29 14.29
1
0.5
-71.43 14.29 28.57
1
0.5
-71.43 14.29 42.86
1
0.5
-71.43 14.29 57.14
1
0.5
-71.43 14.29 71.43
1
0.5
-71.43 14.29 85.71
1
0.5
-71.43 14.29 100.00
1
0.5
-71.43 28.57 -100.00
1
0.5
-71.43 28.57 -85.71
1
0.5
-71.43 28.57 -71.43
1
0.5
-71.43 28.57 -57.14
1
0.5
-71.43 28.57 -42.86
1
0.5
-71.43 28.57 -28.57
1
0.5
-71.43 28.57 -14.29
1
0.5
-71.43 28.57 0.00
1
0.5
-71.43 28.57 14.29
1
0.5
-71.43 28.57 28.57
1
0.5
-71.43 28.57 42.86
1
0.5
-71.43 28.57 57.14
1
0.5
-71.43 28.57 71.43
1
0.5
-71.43 28.57 85.71
1
0.5
-71.43 28.57 100.00
1
0.5
-71.43 42.86 -100.00
1
0.5
-71.43 42.86 -85.71
1
0.5
-71.43 42.86 -71.43
1
0.5
-71.43 42.86 -57.14
1
0.5
-71.43 42.86 -42.86
1
0.5
-71.43 42.86 -28.57
1
0.5
-71.43 42.86 -14.29
1
0.5
-71.43 42.86 0.00
1
0.5
-71.43 42.86 14.29
1
0.5
-71.43 42.86 28.57
1
0.5
-71.43 42.86 42.86
1
0.5
-71.43 42.86 57.14
1
0.5
-71.43 42.86 71.43
1
0.5
-71.43 42.86 85.71
1
0.5
-71.43 42.86 100.00
1
0.5
-71.43 57.14 -100.00
1
0.5
-71.43 57.14 -85.71
1
0.5
-71.43 57.14 -71.43
1
0.5
-71.43 57.14 -57.14
1
0.5
-71.43 57.14 -42.86
1
0.5
-71.43 57.14 -28.57
1
0.5
-71.43 57.14 -14.29
1
0.5
-71.43 57.14 0.00
1
0.5
-71.43 57.14 14.29
1
0.5
-71.43 57.14 28.57
1
0.5
-71.43 57.14 42.86
1
0.5
-71.43 57.14 57.14
1
0.5
-71.43 57.14 71.43
1
0.5
-71.43 57.14 85.71
1
0.5
-71.43 57.14 100.00
1
0.5
-71.43 71.43 -100.00
1
0.5
-71.43 71.43 -85.71
1
0.5
-71.43 71.43 -71.43
1
0.5
-71.43 71.43 -57.14
1
0.5
-71.43 71.43 -42.86
1
0.5
-71.43 71.43 -28.57
1
0.5
-71.43 71.43 -14.29
1
0.5
-71.43 71.43 0.00
1
0.5
-71.43 71.43 14.29
1
0.5
-71.43 71.43 28.57
1
0.5
-71.43 71.43 42.86
1
0.5
-71.43 71.43 57.14
1
0.5
-71.43 71.43 71.43
1
0.5
-71.43 71.43 85.71
1
0.5
-71.43 71.43 100.00
1
0.5
-71.43 85.71 -100.00
1
0.5
-71.43 85.71 -85.71
1
0.5
-71.43 85.71 -71.43
1
0.5
-71.43 85.71 -57.14
1
0.5
-71.43 85.71 -42.86
1
0.5
-71.43 85.71 -28.57
1
0.5
-71.43 85.71 -14.29
1
0.5
-71.43 85.71 0.00
1
0.5
-71.43 85.71 14.29
1
0.5
-71.43 85.71 28.57
1
0.5
-71.43 85.71 42.86
1
0.5
-71.43 85.71 57.14
1
0.5
-71.43 85.71 71.43
1
0.5
-71.43 85.71 85.71
1
0.5
-71.43 85.71 100.00
1
0.5
-71.43 100.00 -100.00
1
0.5
-71.43 100.00 -85.71
1
0.5
-71.43 100.00 -71.43
1
0.5
-71.43 100.00 -57.14
1
0.5
-71.43 100.00 -42.86
1
0.5
-71.43 100.00 -28.57
1
0.5
-71.43 100.00 -14.29
1
0.5
-71.43 100.00 0.00
1
0.5
-71.43 100.00 14.29
1
0.5
-71.43 100.00 28.57
1
0.5
-71.43 100.00 42.86
1
0.5
-71.43 100.00 57.14
1
0.5
-71.43 100.00 71.43
1
0.5
-71.43 100.00 85.71
1
0.5
-71.43 100.00 100.00
1
0.5
-57.14 -100.00 -100.00
1
0.5
-57.14 -100.00 -85.71
1
0.5
-57.14 -100.00 -71.43
1
0.5
-57.14 -100.00 -57.14
1
0.5
-57.14 -100.00 -42.86
1
0.5
-57.14 -100.00 -28.57
1
0.5
-57.14 -100.00 -14.29
1
0.5
-57.14 -100.00 0.00
1
0.5
-57.14 -100.00 14.29
1
0.5
-57.14 -100.00 28.57
1
0.5
-57.14 -100.00 42.86
1
0.5
-57.14 -100.00 57.14
1
0.5
-57.14 -100.00 71.43
1
0.5
-57.14 -100.00 85.71
1
0.5
-57.14 -100.00 100.00
1
0.5
-57.14 -85.71 -100.00
1
0.5
-57.14 -85.71 -85.71
1
0.5
-57.14 -85.71 -71.43
1
0.5
-57.14 -85.71 -57.14
1
0.5
-57.14 -85.71 -42.86
1
0.5
-57.14 -85.71 -28.57
1
0.5
-57.14 -85.71 -14.29
1
0.5
-57.14 -85.71 0.00
1
0.5
-57.14 -85.71 14.29
1
0.5
-57.14 -85.71 28.57
1
0.5
-57.14 -85.71 42.86
1
0.5
-57.14 -85.71 57.14
1
0.5
-57.14 -85.71 71.43
1
0.5
-57.14 -85.71 85.71
1
0.5
-57.14 -85.71 100.00
1
0.5
-57.14 -71.43 -100.00
1
0.5
-57.14 -71.43 -85.71
1
0.5
-57.14 -71.43 -71.43
1
0.5
-57.14 -71.43 -57.14
1
0.5
-57.14 -71.43 -42.86
1
0.5
-57.14 -71.43 -28.57
1
0.5
-57.14 -71.43 -14.29
1
0.5
-57.14 -71.43 0.00
1
0.5
-57.14 -71.43 14.29
1
0.5
-57.14 -71.43 28.57
1
0.5
-57.14 -71.43 42.86
1
0.5
-57.14 -71.43 57.14
1
0.5
-57.14 -71.43 71.43
1
0.5
-57.14 -71.43 85.71
1
0.5
-57.14 -71.43 100.00
1
0.5
-57.14 -57.14 -100.00
1
0.5
-57.14 -57.14 -85.71
1
0.5
-57.14 -57.14 -71.43
1
0.5
-57.14 -57.14 -57.14
1
0.5
-57.14 -57.14 -42.86
1
0.5
-57.14 -57.14 -28.57
1
0.5
-57.14 -57.14 -14.29
1
0.5
-57.14 -57.14 0.00
1
0.5
-57.14 -57.14 14.29
1
0.5
-57.14 -57.14 28.57
1
0.5
-57.14 -57.14 42.86
1
0.5
-57.14 -57.14 57.14
1
0.5
-57.14 -57.14 71.43
1
0.5
-57.14 -57.14 85.71
1
0.5
-57.14 -57.14 100.00
1
0.5
-57.14 -42.86 -100.00
1
0.5
-57.14 -42.86 -85.71
1
0.5
-57.14 -42.86 -71.43
1
0.5
-57.14 -42.86 -57.14
1
0.5
-57.14 -42.86 -42.86
1
0.5
-57.14 -42.86 -28.57
1
0.5
-57.14 -42.86 -14.29
1
0.5
-57.14 -42.86 0.00
1
0.5
-57.14 -42.86 14.29
1
0.5
-57.14 -42.86 28.57
1
0.5
-57.14 -42.86 42.86
1
0.5
-57.14 -42.86 57.14
1
0.5
-57.14 -42.86 71.43
1
0.5
-57.14 -42.86 85.71
1
0.5
-57.14 -42.86 100.00
1
0.5
-57.14 -28.57 -100.00
1
0.5
-57.14 -28.57 -85.71
1
0.5
-57.14 -28.57 -71.43
1
0.5
-57.14 -28.57 -57.14
1
0.5
-57.14 -28.57 -42.86
1
0.5
-57.14 -28.57 -28.57
1
0.5
-57.14 -28.57 -14.29
1
0.5
-57.14 -28.57 0.00
1
0.5
-57.14 -28.57 14.29
1
0.5
-57.14 -28.57 28.57
1
0.5
-57.14 -28.57 42.86
1
0.5
-57.14 -28.57 57.14
1
0.5
-57.14 -28.57 71.43
1
0.5
-57.14 -28.57 85.71
1
0.5
-57.14 -28.57 100.00
1
0.5
-57.14 -14.29 -100.00
1
0.5
-57.14 -14.29 -85.71
1
0.5
-57.14 -14.29 -71.43
1
0.5
-57.14 -14.29 -57.14
1
0.5
-57.14 -14.29 -42.86
1
0.5
-57.14 -14.29 -28.57
1
0.5
-57.14 -14.29 -14.29
1
0.5
-57.14 -14.29 0.00
1
0.5
-57.14 -14.29 14.29
1
0.5
-57.14 -14.29 28.57
1
0.5
-57.14 -14.29 42.86
1
0.5
-57.14 -14.29 57.14
1
0.5
-57.14 -14.29 71.43
1
0.5
-57.14 -14.29 85.71
1
0.5
-57.14 -14.29 100.00
1
0.5
-57.14 0.00 -100.00
1
0.5
-57.14 0.00 -85.71
1
0.5
-57.14 0.00 -71.43
1
0.5
-57.14 0.00 -57.14
1
0.5
-57.14 0.00 -42.86
1
0.5
-57.14 0.00 -28.57
1
0.5
-57.14 0.00 -14.29
1
0.5
-57.14 0.00 0.00
1
0.5
-57.14 0.00 14.29
1
0.5
-57.14 0.00 28.57
1
0.5
-57.14 0.00 42.86
1
0.5
-57.14 0.00 57.14
1
0.5
-57.14 0.00 71.43
1
0.5
-57.14 0.00 85.71
1
0.5
-57.14 0.00 100.00
1
0.5
-57.14 14.29 -100.00
1
0.5
-57.14 14.29 -85.71
1
0.5
-57.14 14.29 -71.43
1
0.5
-57.14 14.29 -57.14
1
0.5
-57.14 14.29 -42.86
1
0.5
-57.14 14.29 -28.57
1
0.5
-57.14 14.29 -14.29
1
0.5
-57.14 14.29 0.00
1
0.5
-57.14 14.29 14.29
1
0.5
-57.14 14.29 28.57
1
0.5
-57.14 14.29 42.86
1
0.5
-57.14 14.29 57.14
1
0.5
-57.14 14.29 71.43
1
0.5
-57.14 14.29 85.71
1
0.5
-57.14 14.29 100.00
1
0.5
-57.14 28.57 -100.00
1
0.5
-57.14 28.57 -85.71
1
0.5
-57.14 28.57 -71.43
1
0.5
-57.14 28.57 -57.14
1
0.5
-57.14 28.57 -42.86
1
0.5
-57.14 28.57 -28.57
1
0.5
-57.14 28.57 -14.29
1
0.5
-57.14 28.57 0.00
1
0.5
-57.14 28.57 14.29
1
0.5
-57.14 28.57 28.57
1
0.5
-57.14 28.57 42.86
1
0.5
-57.14 28.57 57.14
1
0.5
-57.14 28.57 71.43
1
0.5
-57.14 28.57 85.71
1
0.5
-57.14 28.57 100.00
1
0.5
-57.14 42.86 -100.00
1
0.5
-57.14 42.86 -85.71
1
0.5
-57.14 42.86 -71.43
1
0.5
-57.14 42.86 -57.14
1
0.5
-57.14 42.86 -42.86
1
0.5
-57.14 42.86 -28.57
1
0.5
-57.14 42.86 -14.29
1
0.5
-57.14 42.86 0.00
1
0.5
-57.14 42.86 14.29
1
0.5
-57.14 42.86 28.57
1
0.5
-57.14 42.86 42.86
1
0.5
-57.14 42.86 57.14
1
0.5
-57.14 42.86 71.43
1
0.5
-57.14 42.86 85.71
1
0.5
-57.14 42.86 100.00
1
0.5
-57.14 57.14 -100.00
1
0.5
-57.14 57.14 -85.71
1
0.5
-57.14 57.14 -71.43
1
0.5
-57.14 57.14 -57.14
1
0.5
-57.14 57.14 -42.86
1
0.5
-57.14 57.14 -28.57
1
0.5
-57.14 57.14 -14.29
1
0.5
-57.14 57.14 0.00
1
0.5
-57.14 57.14 14.29
1
0.5
-57.14 57.14 28.57
1
0.5
-57.14 57.14 42.86
1
0.5
-57.14 57.14 57.14
1
0.5
-57.14 57.14 71.43
1
0.5
-57.14 57.14 85.71
1
0.5
-57.14 57.14 100.00
1
0.5
-57.14 71.43 -100.00
1
0.5
-57.14 71.43 -85.71
1
0.5
-57.14 71.43 -71.43
1
0.5
-57.14 71.43 -57.14
1
0.5
-57.14 71.43 -42.86
1
0.5
-57.14 71.43 -28.57
1
0.5
-57.14 71.43 -14.29
1
0.5
-57.14 71.43 0.00
1
0.5
-57.14 71.43 14.29
1
0.5
-57.14 71.43 28.57
1
0.5
-57.14 71.43 42.86
1
0.5
-57.14 71.43 57.14
1
0.5
-57.14 71.43 71.43
1
0.5
-57.14 71.43 85.71
1
0.5
-57.14 71.43 100.00
1
0.5
-57.14 85.71 -100.00
1
0.5
-57.14 85.71 -85.71
1
0.5
-57.14 85.71 -71.43
1
0.5
-57.14 85.71 -57.14
1
0.5
-57.14 85.71 -42.86
1
0.5
-57.14 85.71 -28.57
1
0.5
-57.14 85.71 -14.29
1
0.5
-57.14 85.71 0.00
1
0.5
-57.14 85.71 14.29
1
0.5
-57.14 85.71 28.57
1
0.5
-57.14 85.71 42.86
1
0.5
-57.14 85.71 57.14
1
0.5
-57.14 85.71 71.43
1
0.5
-57.14 85.71 85.71
1
0.5
-57.14 85.71 100.00
1
0.5
-57.14 100.00 -100.00
1
0.5
-57.14 100.00 -85.71
1
0.5
-57.14 100.00 -71.43
1
0.5
-57.14 100.00 -57.14
1
0.5
-57.14 100.00 -42.86
1
0.5
-57.14 100.00 -28.57
1
0.5
-57.14 100.00 -14.29
1
0.5
-57.14 100.00 0.00
1
0.5
-57.14 100.00 14.29
1
0.5
-57.14 100.00 28.57
1
0.5
-57.14 100.00 42.86
1
0.5
-57.14 100.00 57.14
1
0.5
-57.14 100.00 71.43
1
0.5
-57.14 100.00 85.71
1
0.5
-57.14 100.00 100.00
1
0.5
-42.86 -100.00 -100.00
1
0.5
-42.86 -100.00 -85.71
1
0.5
-42.86 -100.00 -71.43
1
0.5
-42.86 -100.00 -57.14
1
0.5
-42.86 -100.00 -42.86
1
0.5
-42.86 -100.00 -28.57
1
0.5
-42.86 -100.00 -14.29
1
0.5
-42.86 -100.00 0.00
1
0.5
-42.86 -100.00 14.29
1
0.5
-42.86 -100.00 28.57
1
0.5
-42.86 -100.00 42.86
1
0.5
-42.86 -100.00 57.14
1
0.5
-42.86 -100.00 71.43
1
0.5
-42.86 -100.00 85.71
1
0.5
-42.86 -100.00 100.00
1
0.5
-42.86 -85.71 -100.00
1
0.5
-42.86 -85.71 -85.71
1
0.5
-42.86 -85.71 -71.43
1
0.5
-42.86 -85.71 -57.14
1
0.5
-42.86 -85.71 -42.86
1
0.5
-42.86 -85.71 -28.57
1
0.5
-42.86 -85.71 -14.29
1
0.5
-42.86 -85.71 0.00
1
0.5
-42.86 -85.71 14.29
1
0.5
-42.86 -85.71 28.57
1
0.5
-42.86 -85.71 42.86
1
0.5
-42.86 -85.71 57.14
1
0.5
-42.86 -85.71 71.43
1
0.5
-42.86 -85.71 85.71
1
0.5
-42.86 -85.71 100.00
1
0.5
-42.86 -71.43 -100.00
1
0.5
-42.86 -71.43 -85.71
1
0.5
-42.86 -71.43 -71.43
1
0.5
-42.86 -71.43 -57.14
1
0.5
-42.86 -71.43 -42.86
1
0.5
-42.86 -71.43 -28.57
1
0.5
-42.86 -71.43 -14.29
1
0.5
-42.86 -71.43 0.00
1
0.5
-42.86 -71.43 14.29
1
0.5
-42.86 -71.43 28.57
1
0.5
-42.86 -71.43 42.86
1
0.5
-42.86 -71.43 57.14
1
0.5
-42.86 -71.43 71.43
1
0.5
-42.86 -71.43 85.71
1
0.5
-42.86 -71.43 100.00
1
0.5
-42.86 -57.14 -100.00
1
0.5
-42.86 -57.14 -85.71
1
0.5
-42.86 -57.14 -71.43
1
0.5
-42.86 -57.14 -57.14
1
0.5
-42.86 -57.14 -42.86
1
0.5
-42.86 -57.14 -28.57
1
0.5
-42.86 -57.14 -14.29
1
0.5
-42.86 -57.14 0.00
1
0.5
-42.86 -57.14 14.29
1
0.5
-42.86 -57.14 28.57
1
0.5
-42.86 -57.14 42.86
1
0.5
-42.86 -57.14 57.14
1
0.5
-42.86 -57.14 71.43
1
0.5
-42.86 -57.14 85.71
1
0.5
-42.86 -57.14 100.00
1
0.5
-42.86 -42.86 -100.00
1
0.5
-42.86 -42.86 -85.71
1
0.5
-42.86 -42.86 -71.43
1
0.5
-42.86 -42.86 -57.14
1
0.5
-42.86 -42.86 -42.86
1
0.5
-42.86 -42.86 -28.57
1
0.5
-42.86 -42.86 -14.29
1
0.5
-42.86 -42.86 0.00
1
0.5
-42.86 -42.86 14.29
1
0.5
-42.86 -42.86 28.57
1
0.5
-42.86 -42.86 42.86
1
0.5
-42.86 -42.86 57.14
1
0.5
-42.86 -42.86 71.43
1
0.5
-42.86 -42.86 85.71
1
0.5
-42.86 -42.86 100.00
1
0.5
-42.86 -28.57 -100.00
1
0.5
-42.86 -28.57 -85.71
1
0.5
-42.86 -28.57 -71.43
1
0.5
-42.86 -28.57 -57.14
1
0.5
-42.86 -28.57 -42.86
1
0.5
-42.86 -28.57 -28.57
1
0.5
-42.86 -28.57 -14.29
1
0.5
-42.86 -28.57 0.00
1
0.5
-42.86 -28.57 14.29
1
0.5
-42.86 -28.57 28.57
1
0.5
-42.86 -28.57 42.86
1
0.5
-42.86 -28.57 57.14
1
0.5
-42.86 -28.57 71.43
1
0.5
-42.86 -28.57 85.71
1
0.5
-42.86 -28.57 100.00
1
0.5
-42.86 -14.29 -100.00
1
0.5
-42.86 -14.29 -85.71
1
0.5
-42.86 -14.29 -71.43
1
0.5
-42.86 -14.29 -57.14
1
0.5
-42.86 -14.29 -42.86
1
0.5
-42.86 -14.29 -28.57
1
0.5
-42.86 -14.29 -14.29
1
0.5
-42.86 -14.29 0.00
1
0.5
-42.86 -14.29 14.29
1
0.5
-42.86 -14.29 28.57
1
0.5
-42.86 -14.29 42.86
1
0.5
-42.86 -14.29 57.14
1
0.5
-42.86 -14.29 71.43
1
0.5
-42.86 -14.29 85.71
1
0.5
-42.86 -14.29 100.00
1
0.5
-42.86 0.00 -100.00
1
0.5
-42.86 0.00 -85.71
1
0.5
-42.86 0.00 -71.43
1
0.5
-42.86 0.00 -57.14
1
0.5
-42.86 0.00 -42.86
1
0.5
-42.86 0.00 -28.57
1
0.5
-42.86 0.00 -14.29
1
0.5
-42.86 0.00 0.00
1
0.5
-42.86 0.00 14.29
1
0.5
-42.86 0.00 28.57
1
0.5
-42.86 0.00 42.86
1
0.5
-42.86 0.00 57.14
1
0.5
-42.86 0.00 71.43
1
0.5
-42.86 0.00 85.71
1
0.5
-42.86 0.00 100.00
1
0.5
-42.86 14.29 -100.00
1
0.5
-42.86 14.29 -85.71
1
0.5
-42.86 14.29 -71.43
1
0.5
-42.86 14.29 -57.14
1
0.5
-42.86 14.29 -42.86
1
0.5
-42.86 14.29 -28.57
1
0.5
-42.86 14.29 -14.29
1
0.5
-42.86 14.29 0.00
1
0.5
-42.86 14.29 14.29
1
0.5
-42.86 14.29 28.57
1
0.5
-42.86 14.29 42.86
1
0.5
-42.86 14.29 57.14
1
0.5
-42.86 14.29 71.43
1
0.5
-42.86 14.29 85.71
1
0.5
-42.86 14.29 100.00
1
0.5
-42.86 28.57 -100.00
1
0.5
-42.86 28.57 -85.71
1
0.5
-42.86 28.57 -71.43
1
0.5
-42.86 28.57 -57.14
1
0.5
-42.86 28.57 -42.86
1
0.5
-42.86 28.57 -28.57
1
0.5
-42.86 28.57 -14.29
1
0.5
-42.86 28.57 0.00
1
0.5
-42.86 28.57 14.29
1
0.5
-42.86 28.57 28.57
1
0.5
-42.86 28.57 42.86
1
0.5
-42.86 28.57 57.14
1
0.5
-42.86 28.57 71.43
1
0.5
-42.86 28.57 85.71
1
0.5
-42.86 28.57 100.00
1
0.5
-42.86 42.86 -100.00
1
0.5
-42.86 42.86 -85.71
1
0.5
-42.86 42.86 -71.43
1
0.5
-42.86 42.86 -57.14
1
0.5
-42.86 42.86 -42.86
1
0.5
-42.86 42.86 -28.57
1
0.5
-42.86 42.86 -14.29
1
0.5
-42.86 42.86 0.00
1
0.5
-42.86 42.86 14.29
1
0.5
-42.86 42.86 28.57
1
0.5
-42.86 42.86 42.86
1
0.5
-42.86 42.86 57.14
1
0.5
-42.86 42.86 71.43
1
0.5
-42.86 42.86 85.71
1
0.5
-42.86 42.86 100.00
1
0.5
-42.86 57.14 -100.00
1
0.5
-42.86 57.14 -85.71
1
0.5
-42.86 57.14 -71.43
1
0.5
-42.86 57.14 -57.14
1
0.5
-42.86 57.14 -42.86
1
0.5
-42.86 57.14 -28.57
1
0.5
-42.86 57.14 -14.29
1
0.5
-42.86 57.14 0.00
1
0.5
-42.86 57.14 14.29
1
0.5
-42.86 57.14 28.57
1
0.5
-42.86 57.14 42.86
1
0.5
-42.86 57.14 57.14
1
0.5
-42.86 57.14 71.43
1
0.5
-42.86 57.14 85.71
1
0.5
-42.86 57.14 100.00
1
0.5
-42.86 71.43 -100.00
1
0.5
-42.86 71.43 -85.71
1
0.5
-42.86 71.43 -71.43
1
0.5
-42.86 71.43 -57.14
1
0.5
-42.86 71.43 -42.86
1
0.5
-42.86 71.43 -28.57
1
0.5
-42.86 71.43 -14.29
1
0.5
-42.86 71.43 0.00
1
0.5
-42.86 71.43 14.29
1
0.5
-42.86 71.43 28.57
1
0.5
-42.86 71.43 42.86
1
0.5
-42.86 71.43 57.14
1
0.5
-42.86 71.43 71.43
1
0.5
-42.86 71.43 85.71
1
0.5
-42.86 71.43 100.00
1
0.5
-42.86 85.71 -100.00
1
0.5
-42.86 85.71 -85.71
1
0.5
-42.86 85.71 -71.43
1
0.5
-42.86 85.71 -57.14
1
0.5
-42.86 85.71 -42.86
1
0.5
-42.86 85.71 -28.57
1
0.5
-42.86 85.71 -14.29
1
0.5
-42.86 85.71 0.00
1
0.5
-42.86 85.71 14.29
1
0.5
-42.86 85.71 28.57
1
0.5
-42.86 85.71 42.86
1
0.5
-42.86 85.71 57.14
1
0.5
-42.86 85.71 71.43
1
0.5
-42.86 85.71 85.71
1
0.5
-42.86 85.71 100.00
1
0.5
-42.86 100.00 -100.00
1
0.5
-42.86 100.00 -85.71
1
0.5
-42.86 100.00 -71.43
1
0.5
-42.86 100.00 -57.14
1
0.5
-42.86 100.00 -42.86
1
0.5
-42.86 100.00 -28.57
1
0.5
-42.86 100.00 -14.29
1
0.5
-42.86 100.00 0.00
1
0.5
-42.86 100.00 14.29
1
0.5
-42.86 100.00 28.57
1
0.5
-42.86 100.00 42.86
1
0.5
-42.86 100.00 57.14
1
0.5
-42.86 100.00 71.43
1
0.5
-42.86 100.00 85.71
1
0.5
-42.86 100.00 100.00
1
0.5
-28.57 -100.00 -100.00
1
0.5
-28.57 -100.00 -85.71
1
0.5
-28.57 -100.00 -71.43
1
0.5
-28.57 -100.00 -57.14
1
0.5
-28.57 -100.00 -42.86
1
0.5
-28.57 -100.00 -28.57
1
0.5
-28.57 -100.00 -14.29
1
0.5
-28.57 -100.00 0.00
1
0.5
-28.57 -100.00 14.29
1
0.5
-28.57 -100.00 28.57
1
0.5
-28.57 -100.00 42.86
1
0.5
-28.57 -100.00 57.14
1
0.5
-28.57 -100.00 71.43
1
0.5
-28.57 -100.00 85.71
1
0.5
-28.57 -100.00 100.00
1
0.5
-28.57 -85.71 -100.00
1
0.5
-28.57 -85.71 -85.71
1
0.5
-28.57 -85.71 -71.43
1
0.5
-28.57 -85.71 -57.14
1
0.5
-28.57 -85.71 -42.86
1
0.5
-28.57 -85.71 -28.57
1
0.5
-28.57 -85.71 -14.29
1
0.5
-28.57 -85.71 0.00
1
0.5
-28.57 -85.71 14.29
1
0.5
-28.57 -85.71 28.57
1
0.5
-28.57 -85.71 42.86
1
0.5
-28.57 -85.71 57.14
1
0.5
-28.57 -85.71 71.43
1
0.5
-28.57 -85.71 85.71
1
0.5
-28.57 -85.71 100.00
1
0.5
-28.57 -71.43 -100.00
1
0.5
-28.57 -71.43 -85.71
1
0.5
-28.57 -71.43 -71.43
1
0.5
-28.57 -71.43 -57.14
1
0.5
-28.57 -71.43 -42.86
1
0.5
-28.57 -71.43 -28.57
1
0.5
-28.57 -71.43 -14.29
1
0.5
-28.57 -71.43 0.00
1
0.5
-28.57 -71.43 14.29
1
0.5
-28.57 -71.43 28.57
1
0.5
-28.57 -71.43 42.86
1
0.5
-28.57 -71.43 57.14
1
0.5
-28.57 -71.43 71.43
1
0.5
-28.57 -71.43 85.71
1
0.5
-28.57 -71.43 100.00
1
0.5
-28.57 -57.14 -100.00
1
0.5
-28.57 -57.14 -85.71
1
0.5
-28.57 -57.14 -71.43
1
0.5
-28.57 -57.14 -57.14
1
0.5
-28.57 -57.14 -42.86
1
0.5
-28.57 -57.14 -28.57
1
0.5
-28.57 -57.14 -14.29
1
0.5
-28.57 -57.14 0.00
1
0.5
-28.57 -57.14 14.29
1
0.5
-28.57 -57.14 28.57
1
0.5
-28.57 -57.14 42.86
1
0.5
-28.57 -57.14 57.14
1
0.5
-28.57 -57.14 71.43
1
0.5
-28.57 -57.14 85.71
1
0.5
-28.57 -57.14 100.00
1
0.5
-28.57 -42.86 -100.00
1
0.5
-28.57 -42.86 -85.71
1
0.5
-28.57 -42.86 -71.43
1
0.5
-28.57 -42.86 -57.14
1
0.5
-28.57 -42.86 -42.86
1
0.5
-28.57 -42.86 -28.57
1
0.5
-28.57 -42.86 -14.29
1
0.5
-28.57 -42.86 0.00
1
0.5
-28.57 -42.86 14.29
1
0.5
-28.57 -42.86 28.57
1
0.5
-28.57 -42.86 42.86
1
0.5
-28.57 -42.86 57.14
1
0.5
-28.57 -42.86 71.43
1
0.5
-28.57 -42.86 85.71
1
0.5
-28.57 -42.86 100.00
1
0.5
-28.57 -28.57 -100.00
1
0.5
-28.57 -28.57 -85.71
1
0.5
-28.57 -28.57 -71.43
1
0.5
-28.57 -28.57 -57.14
1
0.5
-28.57 -28.57 -42.86
1
0.5
-28.57 -28.57 -28.57
1
0.5
-28.57 -28.57 -14.29
1
0.5
-28.57 -28.57 0.00
1
0.5
-28.57 -28.57 14.29
1
0.5
-28.57 -28.57 28.57
1
0.5
-28.57 -28.57 42.86
1
0.5
-28.57 -28.57 57.14
1
0.5
-28.57 -28.57 71.43
1
0.5
-28.57 -28.57 85.71
1
0.5
-28.57 -28.57 100.00
1
0.5
-28.57 -14.29 -100.00
1
0.5
-28.57 -14.29 -85.71
1
0.5
-28.57 -14.29 -71.43
1
0.5
-28.57 -14.29 -57.14
1
0.5
-28.57 -14.29 -42.86
1
0.5
-28.57 -14.29 -28.57
1
0.5
-28.57 -14.29 -14.29
1
0.5
-28.57 -14.29 0.00
1
0.5
-28.57 -14.29 14.29
1
0.5
-28.57 -14.29 28.57
1
0.5
-28.57 -14.29 42.86
1
0.5
-28.57 -14.29 57.14
1
0.5
-28.57 -14.29 71.43
1
0.5
-28.57 -14.29 85.71
1
0.5
-28.57 -14.29 100.00
1
0.5
-28.57 0.00 -100.00
1
0.5
-28.57 0.00 -85.71
1
0.5
-28.57 0.00 -71.43
1
0.5
-28.57 0.00 -57.14
1
0.5
-28.57 0.00 -42.86
1
0.5
-28.57 0.00 -28.57
1
0.5
-28.57 0.00 -14.29
1
0.5
-28.57 0.00 0.00
1
0.5
-28.57 0.00 14.29
1
0.5
-28.57 0.00 28.57
1
0.5
-28.57 0.00 42.86
1
0.5
-28.57 0.00 57.14
1
0.5
-28.57 0.00 71.43
1
0.5
-28.57 0.00 85.71
1
0.5
-28.57 0.00 100.00
1
0.5
-28.57 14.29 -100.00
1
0.5
-28.57 14.29 -85.71
1
0.5
-28.57 14.29 -71.43
1
0.5
-28.57 14.29 -57.14
1
0.5
-28.57 14.29 -42.86
1
0.5
-28.57 14.29 -28.57
1
0.5
-28.57 14.29 -14.29
1
0.5
-28.57 14.29 0.00
1
0.5
-28.57 14.29 14.29
1
0.5
-28.57 14.29 28.57
1
0.5
-28.57 14.29 42.86
1
0.5
-28.57 14.29 57.14
1
0.5
-28.57 14.29 71.43
1
0.5
-28.57 14.29 85.71
1
0.5
-28.57 14.29 100.00
1
0.5
-28.57 28.57 -100.00
1
0.5
-28.57 28.57 -85.71
1
0.5
-28.57 28.57 -71.43
1
0.5
-28.57 28.57 -57.14
1
0.5
-28.57 28.57 -42.86
1
0.5
-28.57 28.57 -28.57
1
0.5
-28.57 28.57 -14.29
1
0.5
-28.57 28.57 0.00
1
0.5
-28.57 28.57 14.29
1
0.5
-28.57 28.57 28.57
1
0.5
-28.57 28.57 42.86
1
0.5
-28.57 28.57 57.14
1
0.5
-28.57 28.57 71.43
1
0.5
-28.57 28.57 85.71
1
0.5
-28.57 28.57 100.00
1
0.5
-28.57 42.86 -100.00
1
0.5
-28.57 42.86 -85.71
1
0.5
-28.57 42.86 -71.43
1
0.5
-28.57 42.86 -57.14
1
0.5
-28.57 42.86 -42.86
1
0.5
-28.57 42.86 -28.57
1
0.5
-28.57 42.86 -14.29
1
0.5
-28.57 42.86 0.00
1
0.5
-28.57 42.86 14.29
1
0.5
-28.57 42.86 28.57
1
0.5
-28.57 42.86 42.86
1
0.5
-28.57 42.86 57.14
1
0.5
-28.57 42.86 71.43
1
0.5
-28.57 42.86 85.71
1
0.5
-28.57 42.86 100.00
1
0.5
-28.57 57.14 -100.00
1
0.5
-28.57 57.14 -85.71
1
0.5
-28.57 57.14 -71.43
1
0.5
-28.57 57.14 -57.14
1
0.5
-28.57 57.14 -42.86
1
0.5
-28.57 57.14 -28.57
1
0.5
-28.57 57.14 -14.29
1
0.5
-28.57 57.14 0.00
1
0.5
-28.57 57.14 14.29
1
0.5
-28.57 57.14 28.57
1
0.5
-28.57 57.14 42.86
1
0.5
-28.57 57.14 57.14
1
0.5
-28.57 57.14 71.43
1
0.5
-28.57 57.14 85.71
1
0.5
-28.57 57.14 100.00
1
0.5
-28.57 71.43 -100.00
1
0.5
-28.57 71.43 -85.71
1
0.5
-28.57 71.43 -71.43
1
0.5
-28.57 71.43 -57.14
1
0.5
-28.57 71.43 -42.86
1
0.5
-28.57 71.43 -28.57
1
0.5
-28.57 71.43 -14.29
1
0.5
-28.57 71.43 0.00
1
0.5
-28.57 71.43 14.29
1
0.5
-28.57 71.43 28.57
1
0.5
-28.57 71.43 42.86
1
0.5
-28.57 71.43 57.14
1
0.5
-28.57 71.43 71.43
1
0.5
-28.57 71.43 85.71
1
0.5
-28.57 71.43 100.00
1
0.5
-28.57 85.71 -100.00
1
0.5
-28.57 85.71 -85.71
1
0.5
-28.57 85.71 -71.43
1
0.5
-28.57 85.71 -57.14
1
0.5
-28.57 85.71 -42.86
1
0.5
-28.57 85.71 -28.57
1
0.5
-28.57 85.71 -14.29
1
0.5
-28.57 85.71 0.00
1
0.5
-28.57 85.71 14.29
1
0.5
-28.57 85.71 28.57
1
0.5
-28.57 85.71 42.86
1
0.5
-28.57 85.71 57.14
1
0.5
-28.57 85.71 71.43
1
0.5
-28.57 85.71 85.71
1
0.5
-28.57 85.71 100.00
1
0.5
-28.57 100.00 -100.00
1
0.5
-28.57 100.00 -85.71
1
0.5
-28.57 100.00 -71.43
1
0.5
-28.57 100.00 -57.14
1
0.5
-28.57 100.00 -42.86
1
0.5
-28.57 100.00 -28.57
1
0.5
-28.57 100.00 -14.29
1
0.5
-28.57 100.00 0.00
1
0.5
-28.57 100.00 14.29
1
0.5
-28.57 100.00 28.57
1
0.5
-28.57 100.00 42.86
1
0.5
-28.57 100.00 57.14
1
0.5
-28.57 100.00 71.43
1
0.5
-28.57 100.00 85.71
1
0.5
-28.57 100.00 100.00
1
0.5
-14.29 -100.00 -100.00
1
0.5
-14.29 -100.00 -85.71
1
0.5
-14.29 -100.00 -71.43
1
0.5
-14.29 -100.00 -57.14
1
0.5
-14.29 -100.00 -42.86
1
0.5
-14.29 -100.00 -28.57
1
0.5
-14.29 -100.00 -14.29
1
0.5
-14.29 -100.00 0.00
1
0.5
-14.29 -100.00 14.29
1
0.5
-14.29 -100.00 28.57
1
0.5
-14.29 -100.00 42.86
1
0.5
-14.29 -100.00 57.14
1
0.5
-14.29 -100.00 71.43
1
0.5
-14.29 -100.00 85.71
1
0.5
-14.29 -100.00 100.00
1
0.5
-14.29 -85.71 -100.00
1
0.5
-14.29 -85.71 -85.71
1
0.5
-14.29 -85.71 -71.43
1
0.5
-14.29 -85.71 -57.14
1
0.5
-14.29 -85.71 -42.86
1
0.5
-14.29 -85.71 -28.57
1
0.5
-14.29 -85.71 -14.29
1
0.5
-14.29 -85.71 0.00
1
0.5
-14.29 -85.71 14.29
1
0.5
-14.29 -85.71 28.57
1
0.5
-14.29 -85.71 42.86
1
0.5
-14.29 -85.71 57.14
1
0.5
-14.29 -85.71 71.43
1
0.5
-14.29 -85.71 85.71
1
0.5
-14.29 -85.71 100.00
1
0.5
-14.29 -71.43 -100.00
1
0.5
-14.29 -71.43 -85.71
1
0.5
-14.29 -71.43 -71.43
1
0.5
-14.29 -71.43 -57.14
1
0.5
-14.29 -71.43 -42.86
1
0.5
-14.29 -71.43 -28.57
1
0.5
-14.29 -71.43 -14.29
1
0.5
-14.29 -71.43 0.00
1
0.5
-14.29 -71.43 14.29
1
0.5
-14.29 -71.43 28.57
1
0.5
-14.29 -71.43 42.86
1
0.5
-14.29 -71.43 57.14
1
0.5
-14.29 -71.43 71.43
1
0.5
-14.29 -71.43 85.71
1
0.5
-14.29 -71.43 100.00
1
0.5
-14.29 -57.14 -100.00
1
0.5
-14.29 -57.14 -85.71
1
0.5
-14.29 -57.14 -71.43
1
0.5
-14.29 -57.14 -57.14
1
0.5
-14.29 -57.14 -42.86
1
0.5
-14.29 -57.14 -28.57
1
0.5
-14.29 -57.14 -14.29
1
0.5
-14.29 -57.14 0.00
1
0.5
-14.29 -57.14 14.29
1
0.5
-14.29 -57.14 28.57
1
0.5
-14.29 -57.14 42.86
1
0.5
-14.29 -57.14 57.14
1
0.5
-14.29 -57.14 71.43
1
0.5
-14.29 -57.14 85.71
1
0.5
-14.29 -57.14 100.00
1
0.5
-14.29 -42.86 -100.00
1
0.5
-14.29 -42.86 -85.71
1
0.5
-14.29 -42.86 -71.43
1
0.5
-14.29 -42.86 -57.14
1
0.5
-14.29 -42.86 -42.86
1
0.5
-14.29 -42.86 -28.57
1
0.5
-14.29 -42.86 -14.29
1
0.5
-14.29 -42.86 0.00
1
0.5
-14.29 -42.86 14.29
1
0.5
-14.29 -42.86 28.57
1
0.5
-14.29 -42.86 42.86
1
0.5
-14.29 -42.86 57.14
1
0.5
-14.29 -42.86 71.43
1
0.5
-14.29 -42.86 85.71
1
0.5
-14.29 -42.86 100.00
1
0.5
-14.29 -28.57 -100.00
1
0.5
-14.29 -28.57 -85.71
1
0.5
-14.29 -28.57 -71.43
1
0.5
-14.29 -28.57 -57.14
1
0.5
-14.29 -28.57 -42.86
1
0.5
-14.29 -28.57 -28.57
1
0.5
-14.29 -28.57 -14.29
1
0.5
-14.29 -28.57 0.00
1
0.5
-14.29 -28.57 14.29
1
0.5
-14.29 -28.57 28.57
1
0.5
-14.29 -28.57 42.86
1
0.5
-14.29 -28.57 57.14
1
0.5
-14.29 -28.57 71.43
1
0.5
-14.29 -28.57 85.71
1
0.5
-14.29 -28.57 100.00
1
0.5
-14.29 -14.29 -100.00
1
0.5
-14.29 -14.29 -85.71
1
0.5
-14.29 -14.29 -71.43
1
0.5
-14.29 -14.29 -57.14
1
0.5
-14.29 -14.29 -42.86
1
0.5
-14.29 -14.29 -28.57
1
0.5
-14.29 -14.29 -14.29
1
0.5
-14.29 -14.29 0.00
1
0.5
-14.29 -14.29 14.29
1
0.5
-14.29 -14.29 28.57
1
0.5
-14.29 -14.29 42.86
1
0.5
-14.29 -14.29 57.14
1
0.5
-14.29 -14.29 71.43
1
0.5
-14.29 -14.29 85.71
1
0.5
-14.29 -14.29 100.00
1
0.5
-14.29 0.00 -100.00
1
0.5
-14.29 0.00 -85.71
1
0.5
-14.29 0.00 -71.43
1
0.5
-14.29 0.00 -57.14
1
0.5
-14.29 0.00 -42.86
1
0.5
-14.29 0.00 -28.57
1
0.5
-14.29 0.00 -14.29
1
0.5
-14.29 0.00 0.00
1
0.5
-14.29 0.00 14.29
1
0.5
-14.29 0.00 28.57
1
0.5
-14.29 0.00 42.86
1
0.5
-14.29 0.00 57.14
1
0.5
-14.29 0.00 71.43
1
0.5
-14.29 0.00 85.71
1
0.5
-14.29 0.00 100.00
1
0.5
-14.29 14.29 -100.00
1
0.5
-14.29 14.29 -85.71
1
0.5
-14.29 14.29 -71.43
1
0.5
-14.29 14.29 -57.14
1
0.5
-14.29 14.29 -42.86
1
0.5
-14.29 14.29 -28.57
1
0.5
-14.29 14.29 -14.29
1
0.5
-14.29 14.29 0.00
1
0.5
-14.29 14.29 14.29
1
0.5
-14.29 14.29 28.57
1
0.5
-14.29 14.29 42.86
1
0.5
-14.29 14.29 57.14
1
0.5
-14.29 14.29 71.43
1
0.5
-14.29 14.29 85.71
1
0.5
-14.29 14.29 100.00
1
0.5
-14.29 28.57 -100.00
1
0.5
-14.29 28.57 -85.71
1
0.5
-14.29 28.57 -71.43
1
0.5
-14.29 28.57 -57.14
1
0.5
-14.29 28.57 -42.86
1
0.5
-14.29 28.57 -28.57
1
0.5
-14.29 28.57 -14.29
1
0.5
-14.29 28.57 0.00
1
0.5
-14.29 28.57 14.29
1
0.5
-14.29 28.57 28.57
1
0.5
-14.29 28.57 42.86
1
0.5
-14.29 28.57 57.14
1
0.5
-14.29 28.57 71.43
1
0.5
-14.29 28.57 85.71
1
0.5
-14.29 28.57 100.00
1
0.5
-14.29 42.86 -100.00
1
0.5
-14.29 42.86 -85.71
1
0.5
-14.29 42.86 -71.43
1
0.5
-14.29 42.86 -57.14
1
0.5
-14.29 42.86 -42.86
1
0.5
-14.29 42.86 -28.57
1
0.5
-14.29 42.86 -14.29
1
0.5
-14.29 42.86 0.00
1
0.5
-14.29 42.86 14.29
1
0.5
-14.29 42.86 28.57
1
0.5
-14.29 42.86 42.86
1
0.5
-14.29 42.86 57.14
1
0.5
-14.29 42.86 71.43
1
0.5
-14.29 42.86 85.71
1
0.5
-14.29 42.86 100.00
1
0.5
-14.29 57.14 -100.00
1
0.5
-14.29 57.14 -85.71
1
0.5
-14.29 57.14 -71.43
1
0.5
-14.29 57.14 -57.14
1
0.5
-14.29 57.14 -42.86
1
0.5
-14.29 57.14 -28.57
1
0.5
-14.29 57.14 -14.29
1
0.5
-14.29 57.14 0.00
1
0.5
-14.29 57.14 14.29
1
0.5
-14.29 57.14 28.57
1
0.5
-14.29 57.14 42.86
1
0.5
-14.29 57.14 57.14
1
0.5
-14.29 57.14 71.43
1
0.5
-14.29 57.14 85.71
1
0.5
-14.29 57.14 100.00
1
0.5
-14.29 71.43 -100.00
1
0.5
-14.29 71.43 -85.71
1
0.5
-14.29 71.43 -71.43
1
0.5
-14.29 71.43 -57.14
1
0.5
-14.29 71.43 -42.86
1
0.5
-14.29 71.43 -28.57
1
0.5
-14.29 71.43 -14.29
1
0.5
-14.29 71.43 0.00
1
0.5
-14.29 71.43 14.29
1
0.5
-14.29 71.43 28.57
1
0.5
-14.29 71.43 42.86
1
0.5
-14.29 71.43 57.14
1
0.5
-14.29 71.43 71.43
1
0.5
-14.29 71.43 85.71
1
0.5
-14.29 71.43 100.00
1
0.5
-14.29 85.71 -100.00
1
0.5
-14.29 85.71 -85.71
1
0.5
-14.29 85.71 -71.43
1
0.5
-14.29 85.71 -57.14
1
0.5
-14.29 85.71 -42.86
1
0.5
-14.29 85.71 -28.57
1
0.5
-14.29 85.71 -14.29
1
0.5
-14.29 85.71 0.00
1
0.5
-14.29 85.71 14.29
1
0.5
-14.29 85.71 28.57
1
0.5
-14.29 85.71 42.86
1
0.5
-14.29 85.71 57.14
1
0.5
-14.29 85.71 71.43
1
0.5
-14.29 85.71 85.71
1
0.5
-14.29 85.71 100.00
1
0.5
-14.29 100.00 -100.00
1
0.5
-14.29 100.00 -85.71
1
0.5
-14.29 100.00 -71.43
1
0.5
-14.29 100.00 -57.14
1
0.5
-14.29 100.00 -42.86
1
0.5
-14.29 100.00 -28.57
1
0.5
-14.29 100.00 -14.29
1
0.5
-14.29 100.00 0.00
1
0.5
-14.29 100.00 14.29
1
0.5
-14.29 100.00 28.57
1
0.5
-14.29 100.00 42.86
1
0.5
-14.29 100.00 57.14
1
0.5
-14.29 100.00 71.43
1
0.5
-14.29 100.00 85.71
1
0.5
-14.29 100.00 100.00
1
0.5
0.00 -100.00 -100.00
1
0.5
0.00 -100.00 -85.71
1
0.5
0.00 -100.00 -71.43
1
0.5
0.00 -100.00 -57.14
1
0.5
0.00 -100.00 -42.86
1
0.5
0.00 -100.00 -28.57
1
0.5
0.00 -100.00 -14.29
1
0.5
0.00 -100.00 0.00
1
0.5
0.00 -100.00 14.29
1
0.5
0.00 -100.00 28.57
1
0.5
0.00 -100.00 42.86
1
0.5
0.00 -100.00 57.14
1
0.5
0.00 -100.00 71.43
1
0.5
0.00 -100.00 85.71
1
0.5
0.00 -100.00 100.00
1
0.5
0.00 -85.71 -100.00
1
0.5
0.00 -85.71 -85.71
1
0.5
0.00 -85.71 -71.43
1
0.5
0.00 -85.71 -57.14
1
0.5
0.00 -85.71 -42.86
1
0.5
0.00 -85.71 -28.57
1
0.5
0.00 -85.71 -14.29
1
0.5
0.00 -85.71 0.00
1
0.5
0.00 -85.71 14.29
1
0.5
0.00 -85.71 28.57
1
0.5
0.00 -85.71 42.86
1
0.5
0.00 -85.71 57.14
1
0.5
0.00 -85.71 71.43
1
0.5
0.00 -85.71 85.71
1
0.5
0.00 -85.71 100.00
1
0.5
0.00 -71.43 -100.00
1
0.5
0.00 -71.43 -85.71
1
0.5
0.00 -71.43 -71.43
1
0.5
0.00 -71.43 -57.14
1
0.5
0.00 -71.43 -42.86
1
0.5
0.00 -71.43 -28.57
1
0.5
0.00 -71.43 -14.29
1
0.5
0.00 -71.43 0.00
1
0.5
0.00 -71.43 14.29
1
0.5
0.00 -71.43 28.57
1
0.5
0.00 -71.43 42.86
1
0.5
0.00 -71.43 57.14
1
0.5
0.00 -71.43 71.43
1
0.5
0.00 -71.43 85.71
1
0.5
0.00 -71.43 100.00
1
0.5
0.00 -57.14 -100.00
1
0.5
0.00 -57.14 -85.71
1
0.5
0.00 -57.14 -71.43
1
0.5
0.00 -57.14 -57.14
1
0.5
0.00 -57.14 -42.86
1
0.5
0.00 -57.14 -28.57
1
0.5
0.00 -57.14 -14.29
1
0.5
0.00 -57.14 0.00
1
0.5
0.00 -57.14 14.29
1
0.5
0.00 -57.14 28.57
1
0.5
0.00 -57.14 42.86
1
0.5
0.00 -57.14 57.14
1
0.5
0.00 -57.14 71.43
1
0.5
0.00 -57.14 85.71
1
0.5
0.00 -57.14 100.00
1
0.5
0.00 -42.86 -100.00
1
0.5
0.00 -42.86 -85.71
1
0.5
0.00 -42.86 -71.43
1
0.5
0.00 -42.86 -57.14
1
0.5
0.00 -42.86 -42.86
1
0.5
0.00 -42.86 -28.57
1
0.5
0.00 -42.86 -14.29
1
0.5
0.00 -42.86 0.00
1
0.5
0.00 -42.86 14.29
1
0.5
0.00 -42.86 28.57
1
0.5
0.00 -42.86 42.86
1
0.5
0.00 -42.86 57.14
1
0.5
0.00 -42.86 71.43
1
0.5
0.00 -42.86 85.71
1
0.5
0.00 -42.86 100.00
1
0.5
0.00 -28.57 -100.00
1
0.5
0.00 -28.57 -85.71
1
0.5
0.00 -28.57 -71.43
1
0.5
0.00 -28.57 -57.14
1
0.5
0.00 -28.57 -42.86
1
0.5
0.00 -28.57 -28.57
1
0.5
0.00 -28.57 -14.29
1
0.5
0.00 -28.57 0.00
1
0.5
0.00 -28.57 14.29
1
0.5
0.00 -28.57 28.57
1
0.5
0.00 -28.57 42.86
1
0.5
0.00 -28.57 57.14
1
0.5
0.00 -28.57 71.43
1
0.5
0.00 -28.57 85.71
1
0.5
0.00 -28.57 100.00
1
0.5
0.00 -14.29 -100.00
1
0.5
0.00 -14.29 -85.71
1
0.5
0.00 -14.29 -71.43
1
0.5
0.00 -14.29 -57.14
1
0.5
0.00 -14.29 -42.86
1
0.5
0.00 -14.29 -28.57
1
0.5
0.00 -14.29 -14.29
1
0.5
0.00 -14.29 0.00
1
0.5
0.00 -14.29 14.29
1
0.5
0.00 -14.29 28.57
1
0.5
0.00 -14.29 42.86
1
0.5
0.00 -14.29 57.14
1
0.5
0.00 -14.29 71.43
1
0.5
0.00 -14.29 85.71
1
0.5
0.00 -14.29 100.00
1
0.5
0.00 0.00 -100.00
1
0.5
0.00 0.00 -85.71
1
0.5
0.00 0.00 -71.43
1
0.5
0.00 0.00 -57.14
1
0.5
0.00 0.00 -42.86
1
0.5
0.00 0.00 -28.57
1
0.5
0.00 0.00 -14.29
1
0.5
0.00 0.00 0.00
1
0.5
0.00 0.00 14.29
1
0.5
0.00 0.00 28.57
1
0.5
0.00 0.00 42.86
1
0.5
0.00 0.00 57.14
1
0.5
0.00 0.00 71.43
1
0.5
0.00 0.00 85.71
1
0.5
0.00 0.00 100.00
1
0.5
0.00 14.29 -100.00
1
0.5
0.00 14.29 -85.71
1
0.5
0.00 14.29 -71.43
1
0.5
0.00 14.29 -57.14
1
0.5
0.00 14.29 -42.86
1
0.5
0.00 14.29 -28.57
1
0.5
0.00 14.29 -14.29
1
0.5
0.00 14.29 0.00
1
0.5
0.00 14.29 14.29
1
0.5
0.00 14.29 28.57
1
0.5
0.00 14.29 42.86
1
0.5
0.00 14.29 57.14
1
0.5
0.00 14.29 71.43
1
0.5
0.00 14.29 85.71
1
0.5
0.00 14.29 100.00
1
0.5
0.00 28.57 -100.00
1
0.5
0.00 28.57 -85.71
1
0.5
0.00 28.57 -71.43
1
0.5
0.00 28.57 -57.14
1
0.5
0.00 28.57 -42.86
1
0.5
0.00 28.57 -28.57
1
0.5
0.00 28.57 -14.29
1
0.5
0.00 28.57 0.00
1
0.5
0.00 28.57 14.29
1
0.5
0.00 28.57 28.57
1
0.5
0.00 28.57 42.86
1
0.5
0.00 28.57 57.14
1
0.5
0.00 28.57 71.43
1
0.5
0.00 28.57 85.71
1
0.5
0.00 28.57 100.00
1
0.5
0.00 42.86 -100.00
1
0.5
0.00 42.86 -85.71
1
0.5
0.00 42.86 -71.43
1
0.5
0.00 42.86 -57.14
1
0.5
0.00 42.86 -42.86
1
0.5
0.00 42.86 -28.57
1
0.5
0.00 42.86 -14.29
1
0.5
0.00 42.86 0.00
1
0.5
0.00 42.86 14.29
1
0.5
0.00 42.86 28.57
1
0.5
0.00 42.86 42.86
1
0.5
0.00 42.86 57.14
1
0.5
0.00 42.86 71.43
1
0.5
0.00 42.86 85.71
1
0.5
0.00 42.86 100.00
1
0.5
0.00 57.14 -100.00
1
0.5
0.00 57.14 -85.71
1
0.5
0.00 57.14 -71.43
1
0.5
0.00 57.14 -57.14
1
0.5
0.00 57.14 -42.86
1
0.5
0.00 57.14 -28.57
1
0.5
0.00 57.14 -14.29
1
0.5
0.00 57.14 0.00
1
0.5
0.00 57.14 14.29
1
0.5
0.00 57.14 28.57
1
0.5
0.00 57.14 42.86
1
0.5
0.00 57.14 57.14
1
0.5
0.00 57.14 71.43
1
0.5
0.00 57.14 85.71
1
0.5
0.00 57.14 100.00
1
0.5
0.00 71.43 -100.00
1
0.5
0.00 71.43 -85.71
1
0.5
0.00 71.43 -71.43
1
0.5
0.00 71.43 -57.14
1
0.5
0.00 71.43 -42.86
1
0.5
0.00 71.43 -28.57
1
0.5
0.00 71.43 -14.29
1
0.5
0.00 71.43 0.00
1
0.5
0.00 71.43 14.29
1
0.5
0.00 71.43 28.57
1
0.5
0.00 71.43 42.86
1
0.5
0.00 71.43 57.14
1
0.5
0.00 71.43 71.43
1
0.5
0.00 71.43 85.71
1
0.5
0.00 71.43 100.00
1
0.5
0.00 85.71 -100.00
1
0.5
0.00 85.71 -85.71
1
0.5
0.00 85.71 -71.43
1
0.5
0.00 85.71 -57.14
1
0.5
0.00 85.71 -42.86
1
0.5
0.00 85.71 -28.57
1
0.5
0.00 85.71 -14.29
1
0.5
0.00 85.71 0.00
1
0.5
0.00 85.71 14.29
1
0.5
0.00 85.71 28.57
1
0.5
0.00 85.71 42.86
1
0.5
0.00 85.71 57.14
1
0.5
0.00 85.71 71.43
1
0.5
0.00 85.71 85.71
1
0.5
0.00 85.71 100.00
1
0.5
0.00 100.00 -100.00
1
0.5
0.00 100.00 -85.71
1
0.5
0.00 100.00 -71.43
1
0.5
0.00 100.00 -57.14
1
0.5
0.00 100.00 -42.86
1
0.5
0.00 100.00 -28.57
1
0.5
0.00 100.00 -14.29
1
0.5
0.00 100.00 0.00
1
0.5
0.00 100.00 14.29
1
0.5
0.00 100.00 28.57
1
0.5
0.00 100.00 42.86
1
0.5
0.00 100.00 57.14
1
0.5
0.00 100.00 71.43
1
0.5
0.00 100.00 85.71
1
0.5
0.00 100.00 100.00
1
0.5
14.29 -100.00 -100.00
1
0.5
14.29 -100.00 -85.71
1
0.5
14.29 -100.00 -71.43
1
0.5
14.29 -100.00 -57.14
1
0.5
14.29 -100.00 -42.86
1
0.5
14.29 -100.00 -28.57
1
0.5
14.29 -100.00 -14.29
1
0.5
14.29 -100.00 0.00
1
0.5
14.29 -100.00 14.29
1
0.5
14.29 -100.00 28.57
1
0.5
14.29 -100.00 42.86
1
0.5
14.29 -100.00 57.14
1
0.5
14.29 -100.00 71.43
1
0.5
14.29 -100.00 85.71
1
0.5
14.29 -100.00 100.00
1
0.5
14.29 -85.71 -100.00
1
0.5
14.29 -85.71 -85.71
1
0.5
14.29 -85.71 -71.43
1
0.5
14.29 -85.71 -57.14
1
0.5
14.29 -85.71 -42.86
1
0.5
14.29 -85.71 -28.57
1
0.5
14.29 -85.71 -14.29
1
0.5
14.29 -85.71 0.00
1
0.5
14.29 -85.71 14.29
1
0.5
14.29 -85.71 28.57
1
0.5
14.29 -85.71 42.86
1
0.5
14.29 -85.71 57.14
1
0.5
14.29 -85.71 71.43
1
0.5
14.29 -85.71 85.71
1
0.5
14.29 -85.71 100.00
1
0.5
14.29 -71.43 -100.00
1
0.5
14.29 -71.43 -85.71
1
0.5
14.29 -71.43 -71.43
1
0.5
14.29 -71.43 -57.14
1
0.5
14.29 -71.43 -42.86
1
0.5
14.29 -71.43 -28.57
1
0.5
14.29 -71.43 -14.29
1
0.5
14.29 -71.43 0.00
1
0.5
14.29 -71.43 14.29
1
0.5
14.29 -71.43 28.57
1
0.5
14.29 -71.43 42.86
1
0.5
14.29 -71.43 57.14
1
0.5
14.29 -71.43 71.43
1
0.5
14.29 -71.43 85.71
1
0.5
14.29 -71.43 100.00
1
0.5
14.29 -57.14 -100.00
1
0.5
14.29 -57.14 -85.71
1
0.5
14.29 -57.14 -71.43
1
0.5
14.29 -57.14 -57.14
1
0.5
14.29 -57.14 -42.86
1
0.5
14.29 -57.14 -28.57
1
0.5
14.29 -57.14 -14.29
1
0.5
14.29 -57.14 0.00
1
0.5
14.29 -57.14 14.29
1
0.5
14.29 -57.14 28.57
1
0.5
14.29 -57.14 42.86
1
0.5
14.29 -57.14 57.14
1
0.5
14.29 -57.14 71.43
1
0.5
14.29 -57.14 85.71
1
0.5
14.29 -57.14 100.00
1
0.5
14.29 -42.86 -100.00
1
0.5
14.29 -42.86 -85.71
1
0.5
14.29 -42.86 -71.43
1
0.5
14.29 -42.86 -57.14
1
0.5
14.29 -42.86 -42.86
1
0.5
14.29 -42.86 -28.57
1
0.5
14.29 -42.86 -14.29
1
0.5
14.29 -42.86 0.00
1
0.5
14.29 -42.86 14.29
1
0.5
14.29 -42.86 28.57
1
0.5
14.29 -42.86 42.86
1
0.5
14.29 -42.86 57.14
1
0.5
14.29 -42.86 71.43
1
0.5
14.29 -42.86 85.71
1
0.5
14.29 -42.86 100.00
1
0.5
14.29 -28.57 -100.00
1
0.5
14.29 -28.57 -85.71
1
0.5
14.29 -28.57 -71.43
1
0.5
14.29 -28.57 -57.14
1
0.5
14.29 -28.57 -42.86
1
0.5
14.29 -28.57 -28.57
1
0.5
14.29 -28.57 -14.29
1
0.5
14.29 -28.57 0.00
1
0.5
14.29 -28.57 14.29
1
0.5
14.29 -28.57 28.57
1
0.5
14.29 -28.57 42.86
1
0.5
14.29 -28.57 57.14
1
0.5
14.29 -28.57 71.43
1
0.5
14.29 -28.57 85.71
1
0.5
14.29 -28.57 100.00
1
0.5
14.29 -14.29 -100.00
1
0.5
14.29 -14.29 -85.71
1
0.5
14.29 -14.29 -71.43
1
0.5
14.29 -14.29 -57.14
1
0.5
14.29 -14.29 -42.86
1
0.5
14.29 -14.29 -28.57
1
0.5
14.29 -14.29 -14.29
1
0.5
14.29 -14.29 0.00
1
0.5
14.29 -14.29 14.29
1
0.5
14.29 -14.29 28.57
1
0.5
14.29 -14.29 42.86
1
0.5
14.29 -14.29 57.14
1
0.5
14.29 -14.29 71.43
1
0.5
14.29 -14.29 85.71
1
0.5
14.29 -14.29 100.00
1
0.5
14.29 0.00 -100.00
1
0.5
14.29 0.00 -85.71
1
0.5
14.29 0.00 -71.43
1
0.5
14.29 0.00 -57.14
1
0.5
14.29 0.00 -42.86
1
0.5
14.29 0.00 -28.57
1
0.5
14.29 0.00 -14.29
1
0.5
14.29 0.00 0.00
1
0.5
14.29 0.00 14.29
1
0.5
14.29 0.00 28.57
1
0.5
14.29 0.00 42.86
1
0.5
14.29 0.00 57.14
1
0.5
14.29 0.00 71.43
1
0.5
14.29 0.00 85.71
1
0.5
14.29 0.00 100.00
1
0.5
14.29 14.29 -100.00
1
0.5
14.29 14.29 -85.71
1
0.5
14.29 14.29 -71.43
1
0.5
14.29 14.29 -57.14
1
0.5
14.29 14.29 -42.86
1
0.5
14.29 14.29 -28.57
1
0.5
14.29 14.29 -14.29
1
0.5
14.29 14.29 0.00
1
0.5
14.29 14.29 14.29
1
0.5
14.29 14.29 28.57
1
0.5
14.29 14.29 42.86
1
0.5
14.29 14.29 57.14
1
0.5
14.29 14.29 71.43
1
0.5
14.29 14.29 85.71
1
0.5
14.29 14.29 100.00
1
0.5
14.29 28.57 -100.00
1
0.5
14.29 28.57 -85.71
1
0.5
14.29 28.57 -71.43
1
0.5
14.29 28.57 -57.14
1
0.5
14.29 28.57 -42.86
1
0.5
14.29 28.57 -28.57
1
0.5
14.29 28.57 -14.29
1
0.5
14.29 28.57 0.00
1
0.5
14.29 28.57 14.29
1
0.5
14.29 28.57 28.57
1
0.5
14.29 28.57 42.86
1
0.5
14.29 28.57 57.14
1
0.5
14.29 28.57 71.43
1
0.5
14.29 28.57 85.71
1
0.5
14.29 28.57 100.00
1
0.5
14.29 42.86 -100.00
1
0.5
14.29 42.86 -85.71
1
0.5
14.29 42.86 -71.43
1
0.5
14.29 42.86 -57.14
1
0.5
14.29 42.86 -42.86
1
0.5
14.29 42.86 -28.57
1
0.5
14.29 42.86 -14.29
1
0.5
14.29 42.86 0.00
1
0.5
14.29 42.86 14.29
1
0.5
14.29 42.86 28.57
1
0.5
14.29 42.86 42.86
1
0.5
14.29 42.86 57.14
1
0.5
14.29 42.86 71.43
1
0.5
14.29 42.86 85.71
1
0.5
14.29 42.86 100.00
1
0.5
14.29 57.14 -100.00
1
0.5
14.29 57.14 -85.71
1
0.5
14.29 57.14 -71.43
1
0.5
14.29 57.14 -57.14
1
0.5
14.29 57.14 -42.86
1
0.5
14.29 57.14 -28.57
1
0.5
14.29 57.14 -14.29
1
0.5
14.29 57.14 0.00
1
0.5
14.29 57.14 14.29
1
0.5
14.29 57.14 28.57
1
0.5
14.29 57.14 42.86
1
0.5
14.29 57.14 57.14
1
0.5
14.29 57.14 71.43
1
0.5
14.29 57.14 85.71
1
0.5
14.29 57.14 100.00
1
0.5
14.29 71.43 -100.00
1
0.5
14.29 71.43 -85.71
1
0.5
14.29 71.43 -71.43
1
0.5
14.29 71.43 -57.14
1
0.5
14.29 71.43 -42.86
1
0.5
14.29 71.43 -28.57
1
0.5
14.29 71.43 -14.29
1
0.5
14.29 71.43 0.00
1
0.5
14.29 71.43 14.29
1
0.5
14.29 71.43 28.57
1
0.5
14.29 71.43 42.86
1
0.5
14.29 71.43 57.14
1
0.5
14.29 71.43 71.43
1
0.5
14.29 71.43 85.71
1
0.5
14.29 71.43 100.00
1
0.5
14.29 85.71 -100.00
1
0.5
14.29 85.71 -85.71
1
0.5
14.29 85.71 -71.43
1
0.5
14.29 85.71 -57.14
1
0.5
14.29 85.71 -42.86
1
0.5
14.29 85.71 -28.57
1
0.5
14.29 85.71 -14.29
1
0.5
14.29 85.71 0.00
1
0.5
14.29 85.71 14.29
1
0.5
14.29 85.71 28.57
1
0.5
14.29 85.71 42.86
1
0.5
14.29 85.71 57.14
1
0.5
14.29 85.71 71.43
1
0.5
14.29 85.71 85.71
1
0.5
14.29 85.71 100.00
1
0.5
14.29 100.00 -100.00
1
0.5
14.29 100.00 -85.71
1
0.5
14.29 100.00 -71.43
1
0.5
14.29 100.00 -57.14
1
0.5
14.29 100.00 -42.86
1
0.5
14.29 100.00 -28.57
1
0.5
14.29 100.00 -14.29
1
0.5
14.29 100.00 0.00
1
0.5
14.29 100.00 14.29
1
0.5
14.29 100.00 28.57
1
0.5
14.29 100.00 42.86
1
0.5
14.29 100.00 57.14
1
0.5
14.29 100.00 71.43
1
0.5
14.29 100.00 85.71
1
0.5
14.29 100.00 100.00
1
0.5
28.57 -100.00 -100.00
1
0.5
28.57 -100.00 -85.71
1
0.5
28.57 -100.00 -71.43
1
0.5
28.57 -100.00 -57.14
1
0.5
28.57 -100.00 -42.86
1
0.5
28.57 -100.00 -28.57
1
0.5
28.57 -100.00 -14.29
1
0.5
28.57 -100.00 0.00
1
0.5
28.57 -100.00 14.29
1
0.5
28.57 -100.00 28.57
1
0.5
28.57 -100.00 42.86
1
0.5
28.57 -100.00 57.14
1
0.5
28.57 -100.00 71.43
1
0.5
28.57 -100.00 85.71
1
0.5
28.57 -100.00 100.00
1
0.5
28.57 -85.71 -100.00
1
0.5
28.57 -85.71 -85.71
1
0.5
28.57 -85.71 -71.43
1
0.5
28.57 -85.71 -57.14
1
0.5
28.57 -85.71 -42.86
1
0.5
28.57 -85.71 -28.57
1
0.5
28.57 -85.71 -14.29
1
0.5
28.57 -85.71 0.00
1
0.5
28.57 -85.71 14.29
1
0.5
28.57 -85.71 28.57
1
0.5
28.57 -85.71 42.86
1
0.5
28.57 -85.71 57.14
1
0.5
28.57 -85.71 71.43
1
0.5
28.57 -85.71 85.71
1
0.5
28.57 -85.71 100.00
1
0.5
28.57 -71.43 -100.00
1
0.5
28.57 -71.43 -85.71
1
0.5
28.57 -71.43 -71.43
1
0.5
28.57 -71.43 -57.14
1
0.5
28.57 -71.43 -42.86
1
0.5
28.57 -71.43 -28.57
1
0.5
28.57 -71.43 -14.29
1
0.5
28.57 -71.43 0.00
1
0.5
28.57 -71.43 14.29
1
0.5
28.57 -71.43 28.57
1
0.5
28.57 -71.43 42.86
1
0.5
28.57 -71.43 57.14
1
0.5
28.57 -71.43 71.43
1
0.5
28.57 -71.43 85.71
1
0.5
28.57 -71.43 100.00
1
0.5
28.57 -57.14 -100.00
1
0.5
28.57 -57.14 -85.71
1
0.5
28.57 -57.14 -71.43
1
0.5
28.57 -57.14 -57.14
1
0.5
28.57 -57.14 -42.86
1
0.5
28.57 -57.14 -28.57
1
0.5
28.57 -57.14 -14.29
1
0.5
28.57 -57.14 0.00
1
0.5
28.57 -57.14 14.29
1
0.5
28.57 -57.14 28.57
1
0.5
28.57 -57.14 42.86
1
0.5
28.57 -57.14 57.14
1
0.5
28.57 -57.14 71.43
1
0.5
28.57 -57.14 85.71
1
0.5
28.57 -57.14 100.00
1
0.5
28.57 -42.86 -100.00
1
0.5
28.57 -42.86 -85.71
1
0.5
28.57 -42.86 -71.43
1
0.5
28.57 -42.86 -57.14
1
0.5
28.57 -42.86 -42.86
1
0.5
28.57 -42.86 -28.57
1
0.5
28.57 -42.86 -14.29
1
0.5
28.57 -42.86 0.00
1
0.5
28.57 -42.86 14.29
1
0.5
28.57 -42.86 28.57
1
0.5
28.57 -42.86 42.86
1
0.5
28.57 -42.86 57.14
1
0.5
28.57 -42.86 71.43
1
0.5
28.57 -42.86 85.71
1
0.5
28.57 -42.86 100.00
1
0.5
28.57 -28.57 -100.00
1
0.5
28.57 -28.57 -85.71
1
0.5
28.57 -28.57 -71.43
1
0.5
28.57 -28.57 -57.14
1
0.5
28.57 -28.57 -42.86
1
0.5
28.57 -28.57 -28.57
1
0.5
28.57 -28.57 -14.29
1
0.5
28.57 -28.57 0.00
1
0.5
28.57 -28.57 14.29
1
0.5
28.57 -28.57 28.57
1
0.5
28.57 -28.57 42.86
1
0.5
28.57 -28.57 57.14
1
0.5
28.57 -28.57 71.43
1
0.5
28.57 -28.57 85.71
1
0.5
28.57 -28.57 100.00
1
0.5
28.57 -14.29 -100.00
1
0.5
28.57 -14.29 -85.71
1
0.5
28.57 -14.29 -71.43
1
0.5
28.57 -14.29 -57.14
1
0.5
28.57 -14.29 -42.86
1
0.5
28.57 -14.29 -28.57
1
0.5
28.57 -14.29 -14.29
1
0.5
28.57 -14.29 0.00
1
0.5
28.57 -14.29 14.29
1
0.5
28.57 -14.29 28.57
1
0.5
28.57 -14.29 42.86
1
0.5
28.57 -14.29 57.14
1
0.5
28.57 -14.29 71.43
1
0.5
28.57 -14.29 85.71
1
0.5
28.57 -14.29 100.00
1
0.5
28.57 0.00 -100.00
1
0.5
28.57 0.00 -85.71
1
0.5
28.57 0.00 -71.43
1
0.5
28.57 0.00 -57.14
1
0.5
28.57 0.00 -42.86
1
0.5
28.57 0.00 -28.57
1
0.5
28.57 0.00 -14.29
1
0.5
28.57 0.00 0.00
1
0.5
28.57 0.00 14.29
1
0.5
28.57 0.00 28.57
1
0.5
28.57 0.00 42.86
1
0.5
28.57 0.00 57.14
1
0.5
28.57 0.00 71.43
1
0.5
28.57 0.00 85.71
1
0.5
28.57 0.00 100.00
1
0.5
28.57 14.29 -100.00
1
0.5
28.57 14.29 -85.71
1
0.5
28.57 14.29 -71.43
1
0.5
28.57 14.29 -57.14
1
0.5
28.57 14.29 -42.86
1
0.5
28.57 14.29 -28.57
1
0.5
28.57 14.29 -14.29
1
0.5
28.57 14.29 0.00
1
0.5
28.57 14.29 14.29
1
0.5
28.57 14.29 28.57
1
0.5
28.57 14.29 42.86
1
0.5
28.57 14.29 57.14
1
0.5
28.57 14.29 71.43
1
0.5
28.57 14.29 85.71
1
0.5
28.57 14.29 100.00
1
0.5
28.57 28.57 -100.00
1
0.5
28.57 28.57 -85.71
1
0.5
28.57 28.57 -71.43
1
0.5
28.57 28.57 -57.14
1
0.5
28.57 28.57 -42.86
1
0.5
28.57 28.57 -28.57
1
0.5
28.57 28.57 -14.29
1
0.5
28.57 28.57 0.00
1
0.5
28.57 28.57 14.29
1
0.5
28.57 28.57 28.57
1
0.5
28.57 28.57 42.86
1
0.5
28.57 28.57 57.14
1
0.5
28.57 28.57 71.43
1
0.5
28.57 28.57 85.71
1
0.5
28.57 28.57 100.00
1
0.5
28.57 42.86 -100.00
1
0.5
28.57 42.86 -85.71
1
0.5
28.57 42.86 -71.43
1
0.5
28.57 42.86 -57.14
1
0.5
28.57 42.86 -42.86
1
0.5
28.57 42.86 -28.57
1
0.5
28.57 42.86 -14.29
1
0.5
28.57 42.86 0.00
1
0.5
28.57 42.86 14.29
1
0.5
28.57 42.86 28.57
1
0.5
28.57 42.86 42.86
1
0.5
28.57 42.86 57.14
1
0.5
28.57 42.86 71.43
1
0.5
28.57 42.86 85.71
1
0.5
28.57 42.86 100.00
1
0.5
28.57 57.14 -100.00
1
0.5
28.57 57.14 -85.71
1
0.5
28.57 57.14 -71.43
1
0.5
28.57 57.14 -57.14
1
0.5
28.57 57.14 -42.86
1
0.5
28.57 57.14 -28.57
1
0.5
28.57 57.14 -14.29
1
0.5
28.57 57.14 0.00
1
0.5
28.57 57.14 14.29
1
0.5
28.57 57.14 28.57
1
0.5
28.57 57.14 42.86
1
0.5
28.57 57.14 57.14
1
0.5
28.57 57.14 71.43
1
0.5
28.57 57.14 85.71
1
0.5
28.57 57.14 100.00
1
0.5
28.57 71.43 -100.00
1
0.5
28.57 71.43 -85.71
1
0.5
28.57 71.43 -71.43
1
0.5
28.57 71.43 -57.14
1
0.5
28.57 71.43 -42.86
1
0.5
28.57 71.43 -28.57
1
0.5
28.57 71.43 -14.29
1
0.5
28.57 71.43 0.00
1
0.5
28.57 71.43 14.29
1
0.5
28.57 71.43 28.57
1
0.5
28.57 71.43 42.86
1
0.5
28.57 71.43 57.14
1
0.5
28.57 71.43 71.43
1
0.5
28.57 71.43 85.71
1
0.5
28.57 71.43 100.00
1
0.5
28.57 85.71 -100.00
1
0.5
28.57 85.71 -85.71
1
0.5
28.57 85.71 -71.43
1
0.5
28.57 85.71 -57.14
1
0.5
28.57 85.71 -42.86
1
0.5
28.57 85.71 -28.57
1
0.5
28.57 85.71 -14.29
1
0.5
28.57 85.71 0.00
1
0.5
28.57 85.71 14.29
1
0.5
28.57 85.71 28.57
1
0.5
28.57 85.71 42.86
1
0.5
28.57 85.71 57.14
1
0.5
28.57 85.71 71.43
1
0.5
28.57 85.71 85.71
1
0.5
28.57 85.71 100.00
1
0.5
28.57 100.00 -100.00
1
0.5
28.57 100.00 -85.71
1
0.5
28.57 100.00 -71.43
1
0.5
28.57 100.00 -57.14
1
0.5
28.57 100.00 -42.86
1
0.5
28.57 100.00 -28.57
1
0.5
28.57 100.00 -14.29
1
0.5
28.57 100.00 0.00
1
0.5
28.57 100.00 14.29
1
0.5
28.57 100.00 28.57
1
0.5
28.57 100.00 42.86
1
0.5
28.57 100.00 57.14
1
0.5
28.57 100.00 71.43
1
0.5
28.57 100.00 85.71
1
0.5
28.57 100.00 100.00
1
0.5
42.86 -100.00 -100.00
1
0.5
42.86 -100.00 -85.71
1
0.5
42.86 -100.00 -71.43
1
0.5
42.86 -100.00 -57.14
1
0.5
42.86 -100.00 -42.86
1
0.5
42.86 -100.00 -28.57
1
0.5
42.86 -100.00 -14.29
1
0.5
42.86 -100.00 0.00
1
0.5
42.86 -100.00 14.29
1
0.5
42.86 -100.00 28.57
1
0.5
42.86 -100.00 42.86
1
0.5
42.86 -100.00 57.14
1
0.5
42.86 -100.00 71.43
1
0.5
42.86 -100.00 85.71
1
0.5
42.86 -100.00 100.00
1
0.5
42.86 -85.71 -100.00
1
0.5
42.86 -85.71 -85.71
1
0.5
42.86 -85.71 -71.43
1
0.5
42.86 -85.71 -57.14
1
0.5
42.86 -85.71 -42.86
1
0.5
42.86 -85.71 -28.57
1
0.5
42.86 -85.71 -14.29
1
0.5
42.86 -85.71 0.00
1
0.5
42.86 -85.71 14.29
1
0.5
42.86 -85.71 28.57
1
0.5
42.86 -85.71 42.86
1
0.5
42.86 -85.71 57.14
1
0.5
42.86 -85.71 71.43
1
0.5
42.86 -85.71 85.71
1
0.5
42.86 -85.71 100.00
1
0.5
42.86 -71.43 -100.00
1
0.5
42.86 -71.43 -85.71
1
0.5
42.86 -71.43 -71.43
1
0.5
42.86 -71.43 -57.14
1
0.5
42.86 -71.43 -42.86
1
0.5
42.86 -71.43 -28.57
1
0.5
42.86 -71.43 -14.29
1
0.5
42.86 -71.43 0.00
1
0.5
42.86 -71.43 14.29
1
0.5
42.86 -71.43 28.57
1
0.5
42.86 -71.43 42.86
1
0.5
42.86 -71.43 57.14
1
0.5
42.86 -71.43 71.43
1
0.5
42.86 -71.43 85.71
1
0.5
42.86 -71.43 100.00
1
0.5
42.86 -57.14 -100.00
1
0.5
42.86 -57.14 -85.71
1
0.5
42.86 -57.14 -71.43
1
0.5
42.86 -57.14 -57.14
1
0.5
42.86 -57.14 -42.86
1
0.5
42.86 -57.14 -28.57
1
0.5
42.86 -57.14 -14.29
1
0.5
42.86 -57.14 0.00
1
0.5
42.86 -57.14 14.29
1
0.5
42.86 -57.14 28.57
1
0.5
42.86 -57.14 42.86
1
0.5
42.86 -57.14 57.14
1
0.5
42.86 -57.14 71.43
1
0.5
42.86 -57.14 85.71
1
0.5
42.86 -57.14 100.00
1
0.5
42.86 -42.86 -100.00
1
0.5
42.86 -42.86 -85.71
1
0.5
42.86 -42.86 -71.43
1
0.5
42.86 -42.86 -57.14
1
0.5
42.86 -42.86 -42.86
1
0.5
42.86 -42.86 -28.57
1
0.5
42.86 -42.86 -14.29
1
0.5
42.86 -42.86 0.00
1
0.5
42.86 -42.86 14.29
1
0.5
42.86 -42.86 28.57
1
0.5
42.86 -42.86 42.86
1
0.5
42.86 -42.86 57.14
1
0.5
42.86 -42.86 71.43
1
0.5
42.86 -42.86 85.71
1
0.5
42.86 -42.86 100.00
1
0.5
42.86 -28.57 -100.00
1
0.5
42.86 -28.57 -85.71
1
0.5
42.86 -28.57 -71.43
1
0.5
42.86 -28.57 -57.14
1
0.5
42.86 -28.57 -42.86
1
0.5
42.86 -28.57 -28.57
1
0.5
42.86 -28.57 -14.29
1
0.5
42.86 -28.57 0.00
1
0.5
42.86 -28.57 14.29
1
0.5
42.86 -28.57 28.57
1
0.5
42.86 -28.57 42.86
1
0.5
42.86 -28.57 57.14
1
0.5
42.86 -28.57 71.43
1
0.5
42.86 -28.57 85.71
1
0.5
42.86 -28.57 100.00
1
0.5
42.86 -14.29 -100.00
1
0.5
42.86 -14.29 -85.71
1
0.5
42.86 -14.29 -71.43
1
0.5
42.86 -14.29 -57.14
1
0.5
42.86 -14.29 -42.86
1
0.5
42.86 -14.29 -28.57
1
0.5
42.86 -14.29 -14.29
1
0.5
42.86 -14.29 0.00
1
0.5
42.86 -14.29 14.29
1
0.5
42.86 -14.29 28.57
1
0.5
42.86 -14.29 42.86
1
0.5
42.86 -14.29 57.14
1
0.5
42.86 -14.29 71.43
1
0.5
42.86 -14.29 85.71
1
0.5
42.86 -14.29 100.00
1
0.5
42.86 0.00 -100.00
1
0.5
42.86 0.00 -85.71
1
0.5
42.86 0.00 -71.43
1
0.5
42.86 0.00 -57.14
1
0.5
42.86 0.00 -42.86
1
0.5
42.86 0.00 -28.57
1
0.5
42.86 0.00 -14.29
1
0.5
42.86 0.00 0.00
1
0.5
42.86 0.00 14.29
1
0.5
42.86 0.00 28.57
1
0.5
42.86 0.00 42.86
1
0.5
42.86 0.00 57.14
1
0.5
42.86 0.00 71.43
1
0.5
42.86 0.00 85.71
1
0.5
42.86 0.00 100.00
1
0.5
42.86 14.29 -100.00
1
0.5
42.86 14.29 -85.71
1
0.5
42.86 14.29 -71.43
1
0.5
42.86 14.29 -57.14
1
0.5
42.86 14.29 -42.86
1
0.5
42.86 14.29 -28.57
1
0.5
42.86 14.29 -14.29
1
0.5
42.86 14.29 0.00
1
0.5
42.86 14.29 14.29
1
0.5
42.86 14.29 28.57
1
0.5
42.86 14.29 42.86
1
0.5
42.86 14.29 57.14
1
0.5
42.86 14.29 71.43
1
0.5
42.86 14.29 85.71
1
0.5
42.86 14.29 100.00
1
0.5
42.86 28.57 -100.00
1
0.5
42.86 28.57 -85.71
1
0.5
42.86 28.57 -71.43
1
0.5
42.86 28.57 -57.14
1
0.5
42.86 28.57 -42.86
1
0.5
42.86 28.57 -28.57
1
0.5
42.86 28.57 -14.29
1
0.5
42.86 28.57 0.00
1
0.5
42.86 28.57 14.29
1
0.5
42.86 28.57 28.57
1
0.5
42.86 28.57 42.86
1
0.5
42.86 28.57 57.14
1
0.5
42.86 28.57 71.43
1
0.5
42.86 28.57 85.71
1
0.5
42.86 28.57 100.00
1
0.5
42.86 42.86 -100.00
1
0.5
42.86 42.86 -85.71
1
0.5
42.86 42.86 -71.43
1
0.5
42.86 42.86 -57.14
1
0.5
42.86 42.86 -42.86
1
0.5
42.86 42.86 -28.57
1
0.5
42.86 42.86 -14.29
1
0.5
42.86 42.86 0.00
1
0.5
42.86 42.86 14.29
1
0.5
42.86 42.86 28.57
1
0.5
42.86 42.86 42.86
1
0.5
42.86 42.86 57.14
1
0.5
42.86 42.86 71.43
1
0.5
42.86 42.86 85.71
1
0.5
42.86 42.86 100.00
1
0.5
42.86 57.14 -100.00
1
0.5
42.86 57.14 -85.71
1
0.5
42.86 57.14 -71.43
1
0.5
42.86 57.14 -57.14
1
0.5
42.86 57.14 -42.86
1
0.5
42.86 57.14 -28.57
1
0.5
42.86 57.14 -14.29
1
0.5
42.86 57.14 0.00
1
0.5
42.86 57.14 14.29
1
0.5
42.86 57.14 28.57
1
0.5
42.86 57.14 42.86
1
0.5
42.86 57.14 57.14
1
0.5
42.86 57.14 71.43
1
0.5
42.86 57.14 85.71
1
0.5
42.86 57.14 100.00
1
0.5
42.86 71.43 -100.00
1
0.5
42.86 71.43 -85.71
1
0.5
42.86 71.43 -71.43
1
0.5
42.86 71.43 -57.14
1
0.5
42.86 71.43 -42.86
1
0.5
42.86 71.43 -28.57
1
0.5
42.86 71.43 -14.29
1
0.5
42.86 71.43 0.00
1
0.5
42.86 71.43 14.29
1
0.5
42.86 71.43 28.57
1
0.5
42.86 71.43 42.86
1
0.5
42.86 71.43 57.14
1
0.5
42.86 71.43 71.43
1
0.5
42.86 71.43 85.71
1
0.5
42.86 71.43 100.00
1
0.5
42.86 85.71 -100.00
1
0.5
42.86 85.71 -85.71
1
0.5
42.86 85.71 -71.43
1
0.5
42.86 85.71 -57.14
1
0.5
42.86 85.71 -42.86
1
0.5
42.86 85.71 -28.57
1
0.5
42.86 85.71 -14.29
1
0.5
42.86 85.71 0.00
1
0.5
42.86 85.71 14.29
1
0.5
42.86 85.71 28.57
1
0.5
42.86 85.71 42.86
1
0.5
42.86 85.71 57.14
1
0.5
42.86 85.71 71.43
1
0.5
42.86 85.71 85.71
1
0.5
42.86 85.71 100.00
1
0.5
42.86 100.00 -100.00
1
0.5
42.86 100.00 -85.71
1
0.5
42.86 100.00 -71.43
1
0.5
42.86 100.00 -57.14
1
0.5
42.86 100.00 -42.86
1
0.5
42.86 100.00 -28.57
1
0.5
42.86 100.00 -14.29
1
0.5
42.86 100.00 0.00
1
0.5
42.86 100.00 14.29
1
0.5
42.86 100.00 28.57
1
0.5
42.86 100.00 42.86
1
0.5
42.86 100.00 57.14
1
0.5
42.86 100.00 71.43
1
0.5
42.86 100.00 85.71
1
0.5
42.86 100.00 100.00
1
0.5
57.14 -100.00 -100.00
1
0.5
57.14 -100.00 -85.71
1
0.5
57.14 -100.00 -71.43
1
0.5
57.14 -100.00 -57.14
1
0.5
57.14 -100.00 -42.86
1
0.5
57.14 -100.00 -28.57
1
0.5
57.14 -100.00 -14.29
1
0.5
57.14 -100.00 0.00
1
0.5
57.14 -100.00 14.29
1
0.5
57.14 -100.00 28.57
1
0.5
57.14 -100.00 42.86
1
0.5
57.14 -100.00 57.14
1
0.5
57.14 -100.00 71.43
1
0.5
57.14 -100.00 85.71
1
0.5
57.14 -100.00 100.00
1
0.5
57.14 -85.71 -100.00
1
0.5
57.14 -85.71 -85.71
1
0.5
57.14 -85.71 -71.43
1
0.5
57.14 -85.71 -57.14
1
0.5
57.14 -85.71 -42.86
1
0.5
57.14 -85.71 -28.57
1
0.5
57.14 -85.71 -14.29
1
0.5
57.14 -85.71 0.00
1
0.5
57.14 -85.71 14.29
1
0.5
57.14 -85.71 28.57
1
0.5
57.14 -85.71 42.86
1
0.5
57.14 -85.71 57.14
1
0.5
57.14 -85.71 71.43
1
0.5
57.14 -85.71 85.71
1
0.5
57.14 -85.71 100.00
1
0.5
57.14 -71.43 -100.00
1
0.5
57.14 -71.43 -85.71
1
0.5
57.14 -71.43 -71.43
1
0.5
57.14 -71.43 -57.14
1
0.5
57.14 -71.43 -42.86
1
0.5
57.14 -71.43 -28.57
1
0.5
57.14 -71.43 -14.29
1
0.5
57.14 -71.43 0.00
1
0.5
57.14 -71.43 14.29
1
0.5
57.14 -71.43 28.57
1
0.5
57.14 -71.43 42.86
1
0.5
57.14 -71.43 57.14
1
0.5
57.14 -71.43 71.43
1
0.5
57.14 -71.43 85.71
1
0.5
57.14 -71.43 100.00
1
0.5
57.14 -57.14 -100.00
1
0.5
57.14 -57.14 -85.71
1
0.5
57.14 -57.14 -71.43
1
0.5
57.14 -57.14 -57.14
1
0.5
57.14 -57.14 -42.86
1
0.5
57.14 -57.14 -28.57
1
0.5
57.14 -57.14 -14.29
1
0.5
57.14 -57.14 0.00
1
0.5
57.14 -57.14 14.29
1
0.5
57.14 -57.14 28.57
1
0.5
57.14 -57.14 42.86
1
0.5
57.14 -57.14 57.14
1
0.5
57.14 -57.14 71.43
1
0.5
57.14 -57.14 85.71
1
0.5
57.14 -57.14 100.00
1
0.5
57.14 -42.86 -100.00
1
0.5
57.14 -42.86 -85.71
1
0.5
57.14 -42.86 -71.43
1
0.5
57.14 -42.86 -57.14
1
0.5
57.14 -42.86 -42.86
1
0.5
57.14 -42.86 -28.57
1
0.5
57.14 -42.86 -14.29
1
0.5
57.14 -42.86 0.00
1
0.5
57.14 -42.86 14.29
1
0.5
57.14 -42.86 28.57
1
0.5
57.14 -42.86 42.86
1
0.5
57.14 -42.86 57.14
1
0.5
57.14 -42.86 71.43
1
0.5
57.14 -42.86 85.71
1
0.5
57.14 -42.86 100.00
1
0.5
57.14 -28.57 -100.00
1
0.5
57.14 -28.57 -85.71
1
0.5
57.14 -28.57 -71.43
1
0.5
57.14 -28.57 -57.14
1
0.5
57.14 -28.57 -42.86
1
0.5
57.14 -28.57 -28.57
1
0.5
57.14 -28.57 -14.29
1
0.5
57.14 -28.57 0.00
1
0.5
57.14 -28.57 14.29
1
0.5
57.14 -28.57 28.57
1
0.5
57.14 -28.57 42.86
1
0.5
57.14 -28.57 57.14
1
0.5
57.14 -28.57 71.43
1
0.5
57.14 -28.57 85.71
1
0.5
57.14 -28.57 100.00
1
0.5
57.14 -14.29 -100.00
1
0.5
57.14 -14.29 -85.71
1
0.5
57.14 -14.29 -71.43
1
0.5
57.14 -14.29 -57.14
1
0.5
57.14 -14.29 -42.86
1
0.5
57.14 -14.29 -28.57
1
0.5
57.14 -14.29 -14.29
1
0.5
57.14 -14.29 0.00
1
0.5
57.14 -14.29 14.29
1
0.5
57.14 -14.29 28.57
1
0.5
57.14 -14.29 42.86
1
0.5
57.14 -14.29 57.14
1
0.5
57.14 -14.29 71.43
1
0.5
57.14 -14.29 85.71
1
0.5
57.14 -14.29 100.00
1
0.5
57.14 0.00 -100.00
1
0.5
57.14 0.00 -85.71
1
0.5
57.14 0.00 -71.43
1
0.5
57.14 0.00 -57.14
1
0.5
57.14 0.00 -42.86
1
0.5
57.14 0.00 -28.57
1
0.5
57.14 0.00 -14.29
1
0.5
57.14 0.00 0.00
1
0.5
57.14 0.00 14.29
1
0.5
57.14 0.00 28.57
1
0.5
57.14 0.00 42.86
1
0.5
57.14 0.00 57.14
1
0.5
57.14 0.00 71.43
1
0.5
57.14 0.00 85.71
1
0.5
57.14 0.00 100.00
1
0.5
57.14 14.29 -100.00
1
0.5
57.14 14.29 -85.71
1
0.5
57.14 14.29 -71.43
1
0.5
57.14 14.29 -57.14
1
0.5
57.14 14.29 -42.86
1
0.5
57.14 14.29 -28.57
1
0.5
57.14 14.29 -14.29
1
0.5
57.14 14.29 0.00
1
0.5
57.14 14.29 14.29
1
0.5
57.14 14.29 28.57
1
0.5
57.14 14.29 42.86
1
0.5
57.14 14.29 57.14
1
0.5
57.14 14.29 71.43
1
0.5
57.14 14.29 85.71
1
0.5
57.14 14.29 100.00
1
0.5
57.14 28.57 -100.00
1
0.5
57.14 28.57 -85.71
1
0.5
57.14 28.57 -71.43
1
0.5
57.14 28.57 -57.14
1
0.5
57.14 28.57 -42.86
1
0.5
57.14 28.57 -28.57
1
0.5
57.14 28.57 -14.29
1
0.5
57.14 28.57 0.00
1
0.5
57.14 28.57 14.29
1
0.5
57.14 28.57 28.57
1
0.5
57.14 28.57 42.86
1
0.5
57.14 28.57 57.14
1
0.5
57.14 28.57 71.43
1
0.5
57.14 28.57 85.71
1
0.5
57.14 28.57 100.00
1
0.5
57.14 42.86 -100.00
1
0.5
57.14 42.86 -85.71
1
0.5
57.14 42.86 -71.43
1
0.5
57.14 42.86 -57.14
1
0.5
57.14 42.86 -42.86
1
0.5
57.14 42.86 -28.57
1
0.5
57.14 42.86 -14.29
1
0.5
57.14 42.86 0.00
1
0.5
57.14 42.86 14.29
1
0.5
57.14 42.86 28.57
1
0.5
57.14 42.86 42.86
1
0.5
57.14 42.86 57.14
1
0.5
57.14 42.86 71.43
1
0.5
57.14 42.86 85.71
1
0.5
57.14 42.86 100.00
1
0.5
57.14 57.14 -100.00
1
0.5
57.14 57.14 -85.71
1
0.5
57.14 57.14 -71.43
1
0.5
57.14 57.14 -57.14
1
0.5
57.14 57.14 -42.86
1
0.5
57.14 57.14 -28.57
1
0.5
57.14 57.14 -14.29
1
0.5
57.14 57.14 0.00
1
0.5
57.14 57.14 14.29
1
0.5
57.14 57.14 28.57
1
0.5
57.14 57.14 42.86
1
0.5
57.14 57.14 57.14
1
0.5
57.14 57.14 71.43
1
0.5
57.14 57.14 85.71
1
0.5
57.14 57.14 100.00
1
0.5
57.14 71.43 -100.00
1
0.5
57.14 71.43 -85.71
1
0.5
57.14 71.43 -71.43
1
0.5
57.14 71.43 -57.14
1
0.5
57.14 71.43 -42.86
1
0.5
57.14 71.43 -28.57
1
0.5
57.14 71.43 -14.29
1
0.5
57.14 71.43 0.00
1
0.5
57.14 71.43 14.29
1
0.5
57.14 71.43 28.57
1
0.5
57.14 71.43 42.86
1
0.5
57.14 71.43 57.14
1
0.5
57.14 71.43 71.43
1
0.5
57.14 71.43 85.71
1
0.5
57.14 71.43 100.00
1
0.5
57.14 85.71 -100.00
1
0.5
57.14 85.71 -85.71
1
0.5
57.14 85.71 -71.43
1
0.5
57.14 85.71 -57.14
1
0.5
57.14 85.71 -42.86
1
0.5
57.14 85.71 -28.57
1
0.5
57.14 85.71 -14.29
1
0.5
57.14 85.71 0.00
1
0.5
57.14 85.71 14.29
1
0.5
57.14 85.71 28.57
1
0.5
57.14 85.71 42.86
1
0.5
57.14 85.71 57.14
1
0.5
57.14 85.71 71.43
1
0.5
57.14 85.71 85.71
1
0.5
57.14 85.71 100.00
1
0.5
57.14 100.00 -100.00
1
0.5
57.14 100.00 -85.71
1
0.5
57.14 100.00 -71.43
1
0.5
57.14 100.00 -57.14
1
0.5
57.14 100.00 -42.86
1
0.5
57.14 100.00 -28.57
1
0.5
57.14 100.00 -14.29
1
0.5
57.14 100.00 0.00
1
0.5
57.14 100.00 14.29
1
0.5
57.14 100.00 28.57
1
0.5
57.14 100.00 42.86
1
0.5
57.14 100.00 57.14
1
0.5
57.14 100.00 71.43
1
0.5
57.14 100.00 85.71
1
0.5
57.14 100.00 100.00
1
0.5
71.43 -100.00 -100.00
1
0.5
71.43 -100.00 -85.71
1
0.5
71.43 -100.00 -71.43
1
0.5
71.43 -100.00 -57.14
1
0.5
71.43 -100.00 -42.86
1
0.5
71.43 -100.00 -28.57
1
0.5
71.43 -100.00 -14.29
1
0.5
71.43 -100.00 0.00
1
0.5
71.43 -100.00 14.29
1
0.5
71.43 -100.00 28.57
1
0.5
71.43 -100.00 42.86
1
0.5
71.43 -100.00 57.14
1
0.5
71.43 -100.00 71.43
1
0.5
71.43 -100.00 85.71
1
0.5
71.43 -100.00 100.00
1
0.5
71.43 -85.71 -100.00
1
0.5
71.43 -85.71 -85.71
1
0.5
71.43 -85.71 -71.43
1
0.5
71.43 -85.71 -57.14
1
0.5
71.43 -85.71 -42.86
1
0.5
71.43 -85.71 -28.57
1
0.5
71.43 -85.71 -14.29
1
0.5
71.43 -85.71 0.00
1
0.5
71.43 -85.71 14.29
1
0.5
71.43 -85.71 28.57
1
0.5
71.43 -85.71 42.86
1
0.5
71.43 -85.71 57.14
1
0.5
71.43 -85.71 71.43
1
0.5
71.43 -85.71 85.71
1
0.5
71.43 -85.71 100.00
1
0.5
71.43 -71.43 -100.00
1
0.5
71.43 -71.43 -85.71
1
0.5
71.43 -71.43 -71.43
1
0.5
71.43 -71.43 -57.14
1
0.5
71.43 -71.43 -42.86
1
0.5
71.43 -71.43 -28.57
1
0.5
71.43 -71.43 -14.29
1
0.5
71.43 -71.43 0.00
1
0.5
71.43 -71.43 14.29
1
0.5
71.43 -71.43 28.57
1
0.5
71.43 -71.43 42.86
1
0.5
71.43 -71.43 57.14
1
0.5
71.43 -71.43 71.43
1
0.5
71.43 -71.43 85.71
1
0.5
71.43 -71.43 100.00
1
0.5
71.43 -57.14 -100.00
1
0.5
71.43 -57.14 -85.71
1
0.5
71.43 -57.14 -71.43
1
0.5
71.43 -57.14 -57.14
1
0.5
71.43 -57.14 -42.86
1
0.5
71.43 -57.14 -28.57
1
0.5
71.43 -57.14 -14.29
1
0.5
71.43 -57.14 0.00
1
0.5
71.43 -57.14 14.29
1
0.5
71.43 -57.14 28.57
1
0.5
71.43 -57.14 42.86
1
0.5
71.43 -57.14 57.14
1
0.5
71.43 -57.14 71.43
1
0.5
71.43 -57.14 85.71
1
0.5
71.43 -57.14 100.00
1
0.5
71.43 -42.86 -100.00
1
0.5
71.43 -42.86 -85.71
1
0.5
71.43 -42.86 -71.43
1
0.5
71.43 -42.86 -57.14
1
0.5
71.43 -42.86 -42.86
1
0.5
71.43 -42.86 -28.57
1
0.5
71.43 -42.86 -14.29
1
0.5
71.43 -42.86 0.00
1
0.5
71.43 -42.86 14.29
1
0.5
71.43 -42.86 28.57
1
0.5
71.43 -42.86 42.86
1
0.5
71.43 -42.86 57.14
1
0.5
71.43 -42.86 71.43
1
0.5
71.43 -42.86 85.71
1
0.5
71.43 -42.86 100.00
1
0.5
71.43 -28.57 -100.00
1
0.5
71.43 -28.57 -85.71
1
0.5
71.43 -28.57 -71.43
1
0.5
71.43 -28.57 -57.14
1
0.5
71.43 -28.57 -42.86
1
0.5
71.43 -28.57 -28.57
1
0.5
71.43 -28.57 -14.29
1
0.5
71.43 -28.57 0.00
1
0.5
71.43 -28.57 14.29
1
0.5
71.43 -28.57 28.57
1
0.5
71.43 -28.57 42.86
1
0.5
71.43 -28.57 57.14
1
0.5
71.43 -28.57 71.43
1
0.5
71.43 -28.57 85.71
1
0.5
71.43 -28.57 100.00
1
0.5
71.43 -14.29 -100.00
1
0.5
71.43 -14.29 -85.71
1
0.5
71.43 -14.29 -71.43
1
0.5
71.43 -14.29 -57.14
1
0.5
71.43 -14.29 -42.86
1
0.5
71.43 -14.29 -28.57
1
0.5
71.43 -14.29 -14.29
1
0.5
71.43 -14.29 0.00
1
0.5
71.43 -14.29 14.29
1
0.5
71.43 -14.29 28.57
1
0.5
71.43 -14.29 42.86
1
0.5
71.43 -14.29 57.14
1
0.5
71.43 -14.29 71.43
1
0.5
71.43 -14.29 85.71
1
0.5
71.43 -14.29 100.00
1
0.5
71.43 0.00 -100.00
1
0.5
71.43 0.00 -85.71
1
0.5
71.43 0.00 -71.43
1
0.5
71.43 0.00 -57.14
1
0.5
71.43 0.00 -42.86
1
0.5
71.43 0.00 -28.57
1
0.5
71.43 0.00 -14.29
1
0.5
71.43 0.00 0.00
1
0.5
71.43 0.00 14.29
1
0.5
71.43 0.00 28.57
1
0.5
71.43 0.00 42.86
1
0.5
71.43 0.00 57.14
1
0.5
71.43 0.00 71.43
1
0.5
71.43 0.00 85.71
1
0.5
71.43 0.00 100.00
1
0.5
71.43 14.29 -100.00
1
0.5
71.43 14.29 -85.71
1
0.5
71.43 14.29 -71.43
1
0.5
71.43 14.29 -57.14
1
0.5
71.43 14.29 -42.86
1
0.5
71.43 14.29 -28.57
1
0.5
71.43 14.29 -14.29
1
0.5
71.43 14.29 0.00
1
0.5
71.43 14.29 14.29
1
0.5
71.43 14.29 28.57
1
0.5
71.43 14.29 42.86
1
0.5
71.43 14.29 57.14
1
0.5
71.43 14.29 71.43
1
0.5
71.43 14.29 85.71
1
0.5
71.43 14.29 100.00
1
0.5
71.43 28.57 -100.00
1
0.5
71.43 28.57 -85.71
1
0.5
71.43 28.57 -71.43
1
0.5
71.43 28.57 -57.14
1
0.5
71.43 28.57 -42.86
1
0.5
71.43 28.57 -28.57
1
0.5
71.43 28.57 -14.29
1
0.5
71.43 28.57 0.00
1
0.5
71.43 28.57 14.29
1
0.5
71.43 28.57 28.57
1
0.5
71.43 28.57 42.86
1
0.5
71.43 28.57 57.14
1
0.5
71.43 28.57 71.43
1
0.5
71.43 28.57 85.71
1
0.5
71.43 28.57 100.00
1
0.5
71.43 42.86 -100.00
1
0.5
71.43 42.86 -85.71
1
0.5
71.43 42.86 -71.43
1
0.5
71.43 42.86 -57.14
1
0.5
71.43 42.86 -42.86
1
0.5
71.43 42.86 -28.57
1
0.5
71.43 42.86 -14.29
1
0.5
71.43 42.86 0.00
1
0.5
71.43 42.86 14.29
1
0.5
71.43 42.86 28.57
1
0.5
71.43 42.86 42.86
1
0.5
71.43 42.86 57.14
1
0.5
71.43 42.86 71.43
1
0.5
71.43 42.86 85.71
1
0.5
71.43 42.86 100.00
1
0.5
71.43 57.14 -100.00
1
0.5
71.43 57.14 -85.71
1
0.5
71.43 57.14 -71.43
1
0.5
71.43 57.14 -57.14
1
0.5
71.43 57.14 -42.86
1
0.5
71.43 57.14 -28.57
1
0.5
71.43 57.14 -14.29
1
0.5
71.43 57.14 0.00
1
0.5
71.43 57.14 14.29
1
0.5
71.43 57.14 28.57
1
0.5
71.43 57.14 42.86
1
0.5
71.43 57.14 57.14
1
0.5
71.43 57.14 71.43
1
0.5
71.43 57.14 85.71
1
0.5
71.43 57.14 100.00
1
0.5
71.43 71.43 -100.00
1
0.5
71.43 71.43 -85.71
1
0.5
71.43 71.43 -71.43
1
0.5
71.43 71.43 -57.14
1
0.5
71.43 71.43 -42.86
1
0.5
71.43 71.43 -28.57
1
0.5
71.43 71.43 -14.29
1
0.5
71.43 71.43 0.00
1
0.5
71.43 71.43 14.29
1
0.5
71.43 71.43 28.57
1
0.5
71.43 71.43 42.86
1
0.5
71.43 71.43 57.14
1
0.5
71.43 71.43 71.43
1
0.5
71.43 71.43 85.71
1
0.5
71.43 71.43 100.00
1
0.5
71.43 85.71 -100.00
1
0.5
71.43 85.71 -85.71
1
0.5
71.43 85.71 -71.43
1
0.5
71.43 85.71 -57.14
1
0.5
71.43 85.71 -42.86
1
0.5
71.43 85.71 -28.57
1
0.5
71.43 85.71 -14.29
1
0.5
71.43 85.71 0.00
1
0.5
71.43 85.71 14.29
1
0.5
71.43 85.71 28.57
1
0.5
71.43 85.71 42.86
1
0.5
71.43 85.71 57.14
1
0.5
71.43 85.71 71.43
1
0.5
71.43 85.71 85.71
1
0.5
71.43 85.71 100.00
1
0.5
71.43 100.00 -100.00
1
0.5
71.43 100.00 -85.71
1
0.5
71.43 100.00 -71.43
1
0.5
71.43 100.00 -57.14
1
0.5
71.43 100.00 -42.86
1
0.5
71.43 100.00 -28.57
1
0.5
71.43 100.00 -14.29
1
0.5
71.43 100.00 0.00
1
0.5
71.43 100.00 14.29
1
0.5
71.43 100.00 28.57
1
0.5
71.43 100.00 42.86
1
0.5
71.43 100.00 57.14
1
0.5
71.43 100.00 71.43
1
0.5
71.43 100.00 85.71
1
0.5
71.43 100.00 100.00
1
0.5
85.71 -100.00 -100.00
1
0.5
85.71 -100.00 -85.71
1
0.5
85.71 -100.00 -71.43
1
0.5
85.71 -100.00 -57.14
1
0.5
85.71 -100.00 -42.86
1
0.5
85.71 -100.00 -28.57
1
0.5
85.71 -100.00 -14.29
1
0.5
85.71 -100.00 0.00
1
0.5
85.71 -100.00 14.29
1
0.5
85.71 -100.00 28.57
1
0.5
85.71 -100.00 42.86
1
0.5
85.71 -100.00 57.14
1
0.5
85.71 -100.00 71.43
1
0.5
85.71 -100.00 85.71
1
0.5
85.71 -100.00 100.00
1
0.5
85.71 -85.71 -100.00
1
0.5
85.71 -85.71 -85.71
1
0.5
85.71 -85.71 -71.43
1
0.5
85.71 -85.71 -57.14
1
0.5
85.71 -85.71 -42.86
1
0.5
85.71 -85.71 -28.57
1
0.5
85.71 -85.71 -14.29
1
0.5
85.71 -85.71 0.00
1
0.5
85.71 -85.71 14.29
1
0.5
85.71 -85.71 28.57
1
0.5
85.71 -85.71 42.86
1
0.5
85.71 -85.71 57.14
1
0.5
85.71 -85.71 71.43
1
0.5
85.71 -85.71 85.71
1
0.5
85.71 -85.71 100.00
1
0.5
85.71 -71.43 -100.00
1
0.5
85.71 -71.43 -85.71
1
0.5
85.71 -71.43 -71.43
1
0.5
85.71 -71.43 -57.14
1
0.5
85.71 -71.43 -42.86
1
0.5
85.71 -71.43 -28.57
1
0.5
85.71 -71.43 -14.29
1
0.5
85.71 -71.43 0.00
1
0.5
85.71 -71.43 14.29
1
0.5
85.71 -71.43 28.57
1
0.5
85.71 -71.43 42.86
1
0.5
85.71 -71.43 57.14
1
0.5
85.71 -71.43 71.43
1
0.5
85.71 -71.43 85.71
1
0.5
85.71 -71.43 100.00
1
0.5
85.71 -57.14 -100.00
1
0.5
85.71 -57.14 -85.71
1
0.5
85.71 -57.14 -71.43
1
0.5
85.71 -57.14 -57.14
1
0.5
85.71 -57.14 -42.86
1
0.5
85.71 -57.14 -28.57
1
0.5
85.71 -57.14 -14.29
1
0.5
85.71 -57.14 0.00
1
0.5
85.71 -57.14 14.29
1
0.5
85.71 -57.14 28.57
1
0.5
85.71 -57.14 42.86
1
0.5
85.71 -57.14 57.14
1
0.5
85.71 -57.14 71.43
1
0.5
85.71 -57.14 85.71
1
0.5
85.71 -57.14 100.00
1
0.5
85.71 -42.86 -100.00
1
0.5
85.71 -42.86 -85.71
1
0.5
85.71 -42.86 -71.43
1
0.5
85.71 -42.86 -57.14
1
0.5
85.71 -42.86 -42.86
1
0.5
85.71 -42.86 -28.57
1
0.5
85.71 -42.86 -14.29
1
0.5
85.71 -42.86 0.00
1
0.5
85.71 -42.86 14.29
1
0.5
85.71 -42.86 28.57
1
0.5
85.71 -42.86 42.86
1
0.5
85.71 -42.86 57.14
1
0.5
85.71 -42.86 71.43
1
0.5
85.71 -42.86 85.71
1
0.5
85.71 -42.86 100.00
1
0.5
85.71 -28.57 -100.00
1
0.5
85.71 -28.57 -85.71
1
0.5
85.71 -28.57 -71.43
1
0.5
85.71 -28.57 -57.14
1
0.5
85.71 -28.57 -42.86
1
0.5
85.71 -28.57 -28.57
1
0.5
85.71 -28.57 -14.29
1
0.5
85.71 -28.57 0.00
1
0.5
85.71 -28.57 14.29
1
0.5
85.71 -28.57 28.57
1
0.5
85.71 -28.57 42.86
1
0.5
85.71 -28.57 57.14
1
0.5
85.71 -28.57 71.43
1
0.5
85.71 -28.57 85.71
1
0.5
85.71 -28.57 100.00
1
0.5
85.71 -14.29 -100.00
1
0.5
85.71 -14.29 -85.71
1
0.5
85.71 -14.29 -71.43
1
0.5
85.71 -14.29 -57.14
1
0.5
85.71 -14.29 -42.86
1
0.5
85.71 -14.29 -28.57
1
0.5
85.71 -14.29 -14.29
1
0.5
85.71 -14.29 0.00
1
0.5
85.71 -14.29 14.29
1
0.5
85.71 -14.29 28.57
1
0.5
85.71 -14.29 42.86
1
0.5
85.71 -14.29 57.14
1
0.5
85.71 -14.29 71.43
1
0.5
85.71 -14.29 85.71
1
0.5
85.71 -14.29 100.00
1
0.5
85.71 0.00 -100.00
1
0.5
85.71 0.00 -85.71
1
0.5
85.71 0.00 -71.43
1
0.5
85.71 0.00 -57.14
1
0.5
85.71 0.00 -42.86
1
0.5
85.71 0.00 -28.57
1
0.5
85.71 0.00 -14.29
1
0.5
85.71 0.00 0.00
1
0.5
85.71 0.00 14.29
1
0.5
85.71 0.00 28.57
1
0.5
85.71 0.00 42.86
1
0.5
85.71 0.00 57.14
1
0.5
85.71 0.00 71.43
1
0.5
85.71 0.00 85.71
1
0.5
85.71 0.00 100.00
1
0.5
85.71 14.29 -100.00
1
0.5
85.71 14.29 -85.71
1
0.5
85.71 14.29 -71.43
1
0.5
85.71 14.29 -57.14
1
0.5
85.71 14.29 -42.86
1
0.5
85.71 14.29 -28.57
1
0.5
85.71 14.29 -14.29
1
0.5
85.71 14.29 0.00
1
0.5
85.71 14.29 14.29
1
0.5
85.71 14.29 28.57
1
0.5
85.71 14.29 42.86
1
0.5
85.71 14.29 57.14
1
0.5
85.71 14.29 71.43
1
0.5
85.71 14.29 85.71
1
0.5
85.71 14.29 100.00
1
0.5
85.71 28.57 -100.00
1
0.5
85.71 28.57 -85.71
1
0.5
85.71 28.57 -71.43
1
0.5
85.71 28.57 -57.14
1
0.5
85.71 28.57 -42.86
1
0.5
85.71 28.57 -28.57
1
0.5
85.71 28.57 -14.29
1
0.5
85.71 28.57 0.00
1
0.5
85.71 28.57 14.29
1
0.5
85.71 28.57 28.57
1
0.5
85.71 28.57 42.86
1
0.5
85.71 28.57 57.14
1
0.5
85.71 28.57 71.43
1
0.5
85.71 28.57 85.71
1
0.5
85.71 28.57 100.00
1
0.5
85.71 42.86 -100.00
1
0.5
85.71 42.86 -85.71
1
0.5
85.71 42.86 -71.43
1
0.5
85.71 42.86 -57.14
1
0.5
85.71 42.86 -42.86
1
0.5
85.71 42.86 -28.57
1
0.5
85.71 42.86 -14.29
1
0.5
85.71 42.86 0.00
1
0.5
85.71 42.86 14.29
1
0.5
85.71 42.86 28.57
1
0.5
85.71 42.86 42.86
1
0.5
85.71 42.86 57.14
1
0.5
85.71 42.86 71.43
1
0.5
85.71 42.86 85.71
1
0.5
85.71 42.86 100.00
1
0.5
85.71 57.14 -100.00
1
0.5
85.71 57.14 -85.71
1
0.5
85.71 57.14 -71.43
1
0.5
85.71 57.14 -57.14
1
0.5
85.71 57.14 -42.86
1
0.5
85.71 57.14 -28.57
1
0.5
85.71 57.14 -14.29
1
0.5
85.71 57.14 0.00
1
0.5
85.71 57.14 14.29
1
0.5
85.71 57.14 28.57
1
0.5
85.71 57.14 42.86
1
0.5
85.71 57.14 57.14
1
0.5
85.71 57.14 71.43
1
0.5
85.71 57.14 85.71
1
0.5
85.71 57.14 100.00
1
0.5
85.71 71.43 -100.00
1
0.5
85.71 71.43 -85.71
1
0.5
85.71 71.43 -71.43
1
0.5
85.71 71.43 -57.14
1
0.5
85.71 71.43 -42.86
1
0.5
85.71 71.43 -28.57
1
0.5
85.71 71.43 -14.29
1
0.5
85.71 71.43 0.00
1
0.5
85.71 71.43 14.29
1
0.5
85.71 71.43 28.57
1
0.5
85.71 71.43 42.86
1
0.5
85.71 71.43 57.14
1
0.5
85.71 71.43 71.43
1
0.5
85.71 71.43 85.71
1
0.5
85.71 71.43 100.00
1
0.5
85.71 85.71 -100.00
1
0.5
85.71 85.71 -85.71
1
0.5
85.71 85.71 -71.43
1
0.5
85.71 85.71 -57.14
1
0.5
85.71 85.71 -42.86
1
0.5
85.71 85.71 -28.57
1
0.5
85.71 85.71 -14.29
1
0.5
85.71 85.71 0.00
1
0.5
85.71 85.71 14.29
1
0.5
85.71 85.71 28.57
1
0.5
85.71 85.71 42.86
1
0.5
85.71 85.71 57.14
1
0.5
85.71 85.71 71.43
1
0.5
85.71 85.71 85.71
1
0.5
85.71 85.71 100.00
1
0.5
85.71 100.00 -100.00
1
0.5
85.71 100.00 -85.71
1
0.5
85.71 100.00 -71.43
1
0.5
85.71 100.00 -57.14
1
0.5
85.71 100.00 -42.86
1
0.5
85.71 100.00 -28.57
1
0.5
85.71 100.00 -14.29
1
0.5
85.71 100.00 0.00
1
0.5
85.71 100.00 14.29
1
0.5
85.71 100.00 28.57
1
0.5
85.71 100.00 42.86
1
0.5
85.71 100.00 57.14
1
0.5
85.71 100.00 71.43
1
0.5
85.71 100.00 85.71
1
0.5
85.71 100.00 100.00
1
0.5
100.00 -100.00 -100.00
1
0.5
100.00 -100.00 -85.71
1
0.5
100.00 -100.00 -71.43
1
0.5
100.00 -100.00 -57.14
1
0.5
100.00 -100.00 -42.86
1
0.5
100.00 -100.00 -28.57
1
0.5
100.00 -100.00 -14.29
1
0.5
100.00 -100.00 0.00
1
0.5
100.00 -100.00 14.29
1
0.5
100.00 -100.00 28.57
1
0.5
100.00 -100.00 42.86
1
0.5
100.00 -100.00 57.14
1
0.5
100.00 -100.00 71.43
1
0.5
100.00 -100.00 85.71
1
0.5
100.00 -100.00 100.00
1
0.5
100.00 -85.71 -100.00
1
0.5
100.00 -85.71 -85.71
1
0.5
100.00 -85.71 -71.43
1
0.5
100.00 -85.71 -57.14
1
0.5
100.00 -85.71 -42.86
1
0.5
100.00 -85.71 -28.57
1
0.5
100.00 -85.71 -14.29
1
0.5
100.00 -85.71 0.00
1
0.5
100.00 -85.71 14.29
1
0.5
100.00 -85.71 28.57
1
0.5
100.00 -85.71 42.86
1
0.5
100.00 -85.71 57.14
1
0.5
100.00 -85.71 71.43
1
0.5
100.00 -85.71 85.71
1
0.5
100.00 -85.71 100.00
1
0.5
100.00 -71.43 -100.00
1
0.5
100.00 -71.43 -85.71
1
0.5
100.00 -71.43 -71.43
1
0.5
100.00 -71.43 -57.14
1
0.5
100.00 -71.43 -42.86
1
0.5
100.00 -71.43 -28.57
1
0.5
100.00 -71.43 -14.29
1
0.5
100.00 -71.43 0.00
1
0.5
100.00 -71.43 14.29
1
0.5
100.00 -71.43 28.57
1
0.5
100.00 -71.43 42.86
1
0.5
100.00 -71.43 57.14
1
0.5
100.00 -71.43 71.43
1
0.5
100.00 -71.43 85.71
1
0.5
100.00 -71.43 100.00
1
0.5
100.00 -57.14 -100.00
1
0.5
100.00 -57.14 -85.71
1
0.5
100.00 -57.14 -71.43
1
0.5
100.00 -57.14 -57.14
1
0.5
100.00 -57.14 -42.86
1
0.5
100.00 -57.14 -28.57
1
0.5
100.00 -57.14 -14.29
1
0.5
100.00 -57.14 0.00
1
0.5
100.00 -57.14 14.29
1
0.5
100.00 -57.14 28.57
1
0.5
100.00 -57.14 42.86
1
0.5
100.00 -57.14 57.14
1
0.5
100.00 -57.14 71.43
1
0.5
100.00 -57.14 85.71
1
0.5
100.00 -57.14 100.00
1
0.5
100.00 -42.86 -100.00
1
0.5
100.00 -42.86 -85.71
1
0.5
100.00 -42.86 -71.43
1
0.5
100.00 -42.86 -57.14
1
0.5
100.00 -42.86 -42.86
1
0.5
100.00 -42.86 -28.57
1
0.5
100.00 -42.86 -14.29
1
0.5
100.00 -42.86 0.00
1
0.5
100.00 -42.86 14.29
1
0.5
100.00 -42.86 28.57
1
0.5
100.00 -42.86 42.86
1
0.5
100.00 -42.86 57.14
1
0.5
100.00 -42.86 71.43
1
0.5
100.00 -42.86 85.71
1
0.5
100.00 -42.86 100.00
1
0.5
100.00 -28.57 -100.00
1
0.5
100.00 -28.57 -85.71
1
0.5
100.00 -28.57 -71.43
1
0.5
100.00 -28.57 -57.14
1
0.5
100.00 -28.57 -42.86
1
0.5
100.00 -28.57 -28.57
1
0.5
100.00 -28.57 -14.29
1
0.5
100.00 -28.57 0.00
1
0.5
100.00 -28.57 14.29
1
0.5
100.00 -28.57 28.57
1
0.5
100.00 -28.57 42.86
1
0.5
100.00 -28.57 57.14
1
0.5
100.00 -28.57 71.43
1
0.5
100.00 -28.57 85.71
1
0.5
100.00 -28.57 100.00
1
0.5
100.00 -14.29 -100.00
1
0.5
100.00 -14.29 -85.71
1
0.5
100.00 -14.29 -71.43
1
0.5
100.00 -14.29 -57.14
1
0.5
100.00 -14.29 -42.86
1
0.5
100.00 -14.29 -28.57
1
0.5
100.00 -14.29 -14.29
1
0.5
100.00 -14.29 0.00
1
0.5
100.00 -14.29 14.29
1
0.5
100.00 -14.29 28.57
1
0.5
100.00 -14.29 42.86
1
0.5
100.00 -14.29 57.14
1
0.5
100.00 -14.29 71.43
1
0.5
100.00 -14.29 85.71
1
0.5
100.00 -14.29 100.00
1
0.5
100.00 0.00 -100.00
1
0.5
100.00 0.00 -85.71
1
0.5
100.00 0.00 -71.43
1
0.5
100.00 0.00 -57.14
1
0.5
100.00 0.00 -42.86
1
0.5
100.00 0.00 -28.57
1
0.5
100.00 0.00 -14.29
1
0.5
100.00 0.00 0.00
1
0.5
100.00 0.00 14.29
1
0.5
100.00 0.00 28.57
1
0.5
100.00 0.00 42.86
1
0.5
100.00 0.00 57.14
1
0.5
100.00 0.00 71.43
1
0.5
100.00 0.00 85.71
1
0.5
100.00 0.00 100.00
1
0.5
100.00 14.29 -100.00
1
0.5
100.00 14.29 -85.71
1
0.5
100.00 14.29 -71.43
1
0.5
100.00 14.29 -57.14
1
0.5
100.00 14.29 -42.86
1
0.5
100.00 14.29 -28.57
1
0.5
100.00 14.29 -14.29
1
0.5
100.00 14.29 0.00
1
0.5
100.00 14.29 14.29
1
0.5
100.00 14.29 28.57
1
0.5
100.00 14.29 42.86
1
0.5
100.00 14.29 57.14
1
0.5
100.00 14.29 71.43
1
0.5
100.00 14.29 85.71
1
0.5
100.00 14.29 100.00
1
0.5
100.00 28.57 -100.00
1
0.5
100.00 28.57 -85.71
1
0.5
100.00 28.57 -71.43
1
0.5
100.00 28.57 -57.14
1
0.5
100.00 28.57 -42.86
1
0.5
100.00 28.57 -28.57
1
0.5
100.00 28.57 -14.29
1
0.5
100.00 28.57 0.00
1
0.5
100.00 28.57 14.29
1
0.5
100.00 28.57 28.57
1
0.5
100.00 28.57 42.86
1
0.5
100.00 28.57 57.14
1
0.5
100.00 28.57 71.43
1
0.5
100.00 28.57 85.71
1
0.5
100.00 28.57 100.00
1
0.5
100.00 42.86 -100.00
1
0.5
100.00 42.86 -85.71
1
0.5
100.00 42.86 -71.43
1
0.5
100.00 42.86 -57.14
1
0.5
100.00 42.86 -42.86
1
0.5
100.00 42.86 -28.57
1
0.5
100.00 42.86 -14.29
1
0.5
100.00 42.86 0.00
1
0.5
100.00 42.86 14.29
1
0.5
100.00 42.86 28.57
1
0.5
100.00 42.86 42.86
1
0.5
100.00 42.86 57.14
1
0.5
100.00 42.86 71.43
1
0.5
100.00 42.86 85.71
1
0.5
100.00 42.86 100.00
1
0.5
100.00 57.14 -100.00
1
0.5
100.00 57.14 -85.71
1
0.5
100.00 57.14 -71.43
1
0.5
100.00 57.14 -57.14
1
0.5
100.00 57.14 -42.86
1
0.5
100.00 57.14 -28.57
1
0.5
100.00 57.14 -14.29
1
0.5
100.00 57.14 0.00
1
0.5
100.00 57.14 14.29
1
0.5
100.00 57.14 28.57
1
0.5
100.00 57.14 42.86
1
0.5
100.00 57.14 57.14
1
0.5
100.00 57.14 71.43
1
0.5
100.00 57.14 85.71
1
0.5
100.00 57.14 100.00
1
0.5
100.00 71.43 -100.00
1
0.5
100.00 71.43 -85.71
1
0.5
100.00 71.43 -71.43
1
0.5
100.00 71.43 -57.14
1
0.5
100.00 71.43 -42.86
1
0.5
100.00 71.43 -28.57
1
0.5
100.00 71.43 -14.29
1
0.5
100.00 71.43 0.00
1
0.5
100.00 71.43 14.29
1
0.5
100.00 71.43 28.57
1
0.5
100.00 71.43 42.86
1
0.5
100.00 71.43 57.14
1
0.5
100.00 71.43 71.43
1
0.5
100.00 71.43 85.71
1
0.5
100.00 71.43 100.00
1
0.5
100.00 85.71 -100.00
1
0.5
100.00 85.71 -85.71
1
0.5
100.00 85.71 -71.43
1
0.5
100.00 85.71 -57.14
1
0.5
100.00 85.71 -42.86
1
0.5
100.00 85.71 -28.57
1
0.5
100.00 85.71 -14.29
1
0.5
100.00 85.71 0.00
1
0.5
100.00 85.71 14.29
1
0.5
100.00 85.71 28.57
1
0.5
100.00 85.71 42.86
1
0.5
100.00 85.71 57.14
1
0.5
100.00 85.71 71.43
1
0.5
100.00 85.71 85.71
1
0.5
100.00 85.71 100.00
1
0.5
100.00 100.00 -100.00
1
0.5
100.00 100.00 -85.71
1
0.5
100.00 100.00 -71.43
1
0.5
100.00 100.00 -57.14
1
0.5
100.00 100.00 -42.86
1
0.5
100.00 100.00 -28.57
1
0.5
100.00 100.00 -14.29
1
0.5
100.00 100.00 0.00
1
0.5
100.00 100.00 14.29
1
0.5
100.00 100.00 28.57
1
0.5
100.00 100.00 42.86
1
0.5
100.00 100.00 57.14
1
0.5
100.00 100.00 71.43
1
0.5
100.00 100.00 85.71
1
0.5
100.00 100.00 100.00
